#Time                        Gauge pressure
-1.99388379204893e-002    0.00000000000000e+000
-1.92048929663609e-002    0.00000000000000e+000
-1.83486238532110e-002    0.00000000000000e+000
-1.76146788990826e-002    0.00000000000000e+000
-1.68807339449541e-002    1.26984126984127e+002
-1.62691131498471e-002    1.26984126984127e+002
-1.59021406727829e-002    0.00000000000000e+000
-1.52905198776758e-002    1.26984126984127e+002
-1.46788990825688e-002    0.00000000000000e+000
-1.38226299694190e-002    0.00000000000000e+000
-1.29663608562691e-002    0.00000000000000e+000
-1.18654434250765e-002    0.00000000000000e+000
-1.06422018348624e-002    0.00000000000000e+000
-9.90825688073395e-003   -1.26984126984127e+002
-9.41896024464832e-003    0.00000000000000e+000
-8.56269113149847e-003    0.00000000000000e+000
-7.70642201834862e-003    0.00000000000000e+000
-7.33944954128440e-003    0.00000000000000e+000
-7.09480122324159e-003    1.26984126984127e+002
-6.72782874617737e-003    1.26984126984127e+002
-6.11620795107034e-003    1.26984126984127e+002
-5.25993883792049e-003    1.26984126984127e+002
-4.52599388379205e-003    1.26984126984127e+002
-3.91437308868502e-003    1.26984126984127e+002
-3.30275229357798e-003    1.26984126984127e+002
-2.93577981651376e-003    1.26984126984127e+002
-2.81345565749235e-003    0.00000000000000e+000
-2.69113149847095e-003   -1.26984126984127e+002
-2.56880733944954e-003    0.00000000000000e+000
-2.32415902140673e-003    2.53968253968254e+002
-2.07951070336391e-003    2.53968253968254e+002
-1.71253822629969e-003    1.26984126984127e+002
-1.59021406727829e-003    0.00000000000000e+000
-1.46788990825688e-003    2.53968253968254e+002
-1.22324159021407e-003    2.53968253968254e+002
-1.10091743119266e-003    0.00000000000000e+000
-9.78593272171254e-004    5.07936507936508e+002
-9.78593272171254e-004    1.01587301587302e+003
-8.56269113149847e-004    1.52380952380952e+003
-7.33944954128440e-004    2.41269841269841e+003
-7.33944954128440e-004    3.68253968253968e+003
-7.33944954128440e-004    5.07936507936508e+003
-7.33944954128440e-004    6.60317460317460e+003
-6.11620795107034e-004    8.38095238095238e+003
-6.11620795107034e-004    1.04126984126984e+004
-6.11620795107034e-004    1.20634920634921e+004
-6.11620795107034e-004    1.42222222222222e+004
-6.11620795107034e-004    1.29523809523810e+004
-4.89296636085627e-004    1.13015873015873e+004
-4.89296636085627e-004    9.77777777777778e+003
-4.89296636085627e-004    9.01587301587302e+003
-4.89296636085627e-004    7.87301587301587e+003
-4.89296636085627e-004    6.85714285714286e+003
-4.89296636085627e-004    6.22222222222222e+003
-3.66972477064220e-004    5.07936507936508e+003
-3.66972477064220e-004    6.34920634920635e+003
-3.66972477064220e-004    7.49206349206349e+003
-3.66972477064220e-004    8.50793650793651e+003
-3.66972477064220e-004    9.39682539682540e+003
-3.66972477064220e-004    1.04126984126984e+004
-3.66972477064220e-004    1.14285714285714e+004
-3.66972477064220e-004    1.21904761904762e+004
-3.66972477064220e-004    1.28253968253968e+004
-3.66972477064220e-004    1.34603174603175e+004
-2.44648318042813e-004    1.38412698412698e+004
-2.44648318042813e-004    1.51111111111111e+004
-2.44648318042813e-004    1.66349206349206e+004
-1.22324159021407e-004    1.66349206349206e+004
-1.22324159021407e-004    1.75238095238095e+004
-1.22324159021407e-004    1.85396825396825e+004
-1.22324159021407e-004    1.93015873015873e+004
-1.22324159021407e-004    2.00634920634921e+004
-1.22324159021407e-004    2.06984126984127e+004
-1.22324159021407e-004    1.95555555555556e+004
-1.22324159021407e-004    1.80317460317460e+004
 0.00000000000000e+000    1.70158730158730e+004
 0.00000000000000e+000    1.60000000000000e+004
 0.00000000000000e+000    1.47301587301587e+004
 0.00000000000000e+000    1.38412698412698e+004
 0.00000000000000e+000    1.24444444444444e+004
 0.00000000000000e+000    1.14285714285714e+004
 0.00000000000000e+000    1.04126984126984e+004
 0.00000000000000e+000    9.39682539682540e+003
 0.00000000000000e+000    8.63492063492063e+003
 0.00000000000000e+000    7.61904761904762e+003
 0.00000000000000e+000    6.60317460317460e+003
 0.00000000000000e+000    6.09523809523809e+003
 0.00000000000000e+000    5.33333333333333e+003
 0.00000000000000e+000    4.19047619047619e+003
 0.00000000000000e+000    3.04761904761905e+003
 0.00000000000000e+000    1.90476190476190e+003
 0.00000000000000e+000    1.01587301587302e+003
 0.00000000000000e+000    0.00000000000000e+000
 0.00000000000000e+000   -6.34920634920635e+002
 0.00000000000000e+000   -1.52380952380952e+003
 0.00000000000000e+000   -7.61904761904762e+002
 1.22324159021407e-004   -3.80952380952381e+002
 1.22324159021407e-004    5.07936507936508e+002
 1.22324159021407e-004    1.39682539682540e+003
 1.22324159021407e-004    2.41269841269841e+003
 1.22324159021407e-004    3.42857142857143e+003
 1.22324159021407e-004    4.69841269841270e+003
 1.22324159021407e-004    5.71428571428571e+003
 1.22324159021407e-004    6.22222222222222e+003
 2.44648318042813e-004    6.22222222222222e+003
 2.44648318042813e-004    6.98412698412698e+003
 2.44648318042813e-004    8.25396825396825e+003
 2.44648318042813e-004    9.39682539682540e+003
 2.44648318042813e-004    1.05396825396825e+004
 2.44648318042813e-004    1.14285714285714e+004
 2.44648318042813e-004    1.21904761904762e+004
 2.44648318042813e-004    1.32063492063492e+004
 2.44648318042813e-004    1.42222222222222e+004
 2.44648318042813e-004    1.53650793650794e+004
 2.44648318042813e-004    1.65079365079365e+004
 2.44648318042813e-004    1.73968253968254e+004
 2.44648318042813e-004    1.84126984126984e+004
 2.44648318042813e-004    1.56190476190476e+004
 3.66972477064220e-004    1.53650793650794e+004
 3.66972477064220e-004    1.44761904761905e+004
 3.66972477064220e-004    1.33333333333333e+004
 3.66972477064220e-004    1.23174603174603e+004
 3.66972477064220e-004    1.11746031746032e+004
 3.66972477064220e-004    1.01587301587302e+004
 3.66972477064220e-004    9.01587301587302e+003
 3.66972477064220e-004    8.12698412698413e+003
 3.66972477064220e-004    6.85714285714286e+003
 3.66972477064220e-004    5.33333333333333e+003
 3.66972477064220e-004    4.31746031746032e+003
 3.66972477064220e-004    3.80952380952381e+003
 3.66972477064220e-004    2.92063492063492e+003
 3.66972477064220e-004    2.66666666666667e+003
 4.89296636085627e-004    2.66666666666667e+003
 4.89296636085627e-004    2.28571428571429e+003
 4.89296636085627e-004    1.39682539682540e+003
 4.89296636085627e-004    6.34920634920635e+002
 4.89296636085627e-004    0.00000000000000e+000
 4.89296636085627e-004   -5.07936507936508e+002
 4.89296636085627e-004    2.53968253968254e+002
 6.11620795107034e-004    6.34920634920635e+002
 6.11620795107034e-004    1.01587301587302e+003
 6.11620795107034e-004    1.77777777777778e+003
 6.11620795107034e-004    2.41269841269841e+003
 6.11620795107034e-004    3.30158730158730e+003
 6.11620795107034e-004    4.57142857142857e+003
 6.11620795107034e-004    5.71428571428571e+003
 6.11620795107034e-004    6.98412698412698e+003
 6.11620795107034e-004    8.00000000000000e+003
 6.11620795107034e-004    8.50793650793651e+003
 7.33944954128440e-004    8.50793650793651e+003
 7.33944954128440e-004    9.01587301587302e+003
 7.33944954128440e-004    9.52380952380952e+003
 7.33944954128440e-004    8.76190476190476e+003
 8.56269113149847e-004    8.50793650793651e+003
 8.56269113149847e-004    7.74603174603175e+003
 8.56269113149847e-004    6.73015873015873e+003
 8.56269113149847e-004    5.71428571428571e+003
 8.56269113149847e-004    4.95238095238095e+003
 8.56269113149847e-004    3.93650793650794e+003
 8.56269113149847e-004    3.04761904761905e+003
 8.56269113149847e-004    2.28571428571429e+003
 8.56269113149847e-004    1.77777777777778e+003
 9.78593272171254e-004    1.77777777777778e+003
 9.78593272171254e-004    1.39682539682540e+003
 9.78593272171254e-004    8.88888888888889e+002
 9.78593272171254e-004    5.07936507936508e+002
 9.78593272171254e-004    1.01587301587302e+003
 1.10091743119266e-003    1.01587301587302e+003
 1.10091743119266e-003    1.39682539682540e+003
 1.10091743119266e-003    2.03174603174603e+003
 1.10091743119266e-003    2.53968253968254e+003
 1.10091743119266e-003    3.55555555555556e+003
 1.10091743119266e-003    4.31746031746032e+003
 1.10091743119266e-003    4.57142857142857e+003
 1.22324159021407e-003    4.57142857142857e+003
 1.22324159021407e-003    4.82539682539683e+003
 1.22324159021407e-003    4.44444444444444e+003
 1.34556574923547e-003    4.19047619047619e+003
 1.34556574923547e-003    3.68253968253968e+003
 1.34556574923547e-003    3.17460317460317e+003
 1.34556574923547e-003    2.53968253968254e+003
 1.34556574923547e-003    2.15873015873016e+003
 1.46788990825688e-003    2.15873015873016e+003
 1.46788990825688e-003    1.90476190476190e+003
 1.46788990825688e-003    1.65079365079365e+003
 1.46788990825688e-003    2.28571428571429e+003
 1.46788990825688e-003    2.66666666666667e+003
 1.46788990825688e-003    2.79365079365079e+003
 1.59021406727829e-003    2.92063492063492e+003
 1.59021406727829e-003    3.30158730158730e+003
 1.59021406727829e-003    3.80952380952381e+003
 1.59021406727829e-003    4.06349206349206e+003
 1.71253822629969e-003    4.31746031746032e+003
 1.71253822629969e-003    3.93650793650794e+003
 1.71253822629969e-003    3.55555555555556e+003
 1.71253822629969e-003    3.04761904761905e+003
 1.71253822629969e-003    2.53968253968254e+003
 1.71253822629969e-003    2.15873015873016e+003
 1.71253822629969e-003    1.77777777777778e+003
 1.71253822629969e-003    1.52380952380952e+003
 1.83486238532110e-003    1.39682539682540e+003
 1.83486238532110e-003    1.14285714285714e+003
 1.83486238532110e-003    1.01587301587302e+003
 1.83486238532110e-003    1.52380952380952e+003
 1.95718654434251e-003    1.65079365079365e+003
 1.95718654434251e-003    1.90476190476190e+003
 1.95718654434251e-003    2.28571428571429e+003
 1.95718654434251e-003    2.53968253968254e+003
 2.07951070336391e-003    2.92063492063492e+003
 2.07951070336391e-003    2.53968253968254e+003
 2.07951070336391e-003    2.15873015873016e+003
 2.07951070336391e-003    1.77777777777778e+003
 2.07951070336391e-003    1.52380952380952e+003
 2.20183486238532e-003    1.52380952380952e+003
 2.20183486238532e-003    1.26984126984127e+003
 2.20183486238532e-003    1.01587301587302e+003
 2.20183486238532e-003    7.61904761904762e+002
 2.20183486238532e-003    6.34920634920635e+002
 2.20183486238532e-003    5.07936507936508e+002
 2.20183486238532e-003    2.53968253968254e+002
 2.20183486238532e-003    0.00000000000000e+000
 2.20183486238532e-003    3.80952380952381e+002
 2.32415902140673e-003    5.07936507936508e+002
 2.32415902140673e-003    3.80952380952381e+002
 2.32415902140673e-003    1.26984126984127e+002
 2.32415902140673e-003   -1.26984126984127e+002
 2.44648318042813e-003    2.53968253968254e+002
 2.44648318042813e-003    3.80952380952381e+002
 2.44648318042813e-003    6.34920634920635e+002
 2.56880733944954e-003    7.61904761904762e+002
 2.56880733944954e-003    8.88888888888889e+002
 2.56880733944954e-003    6.34920634920635e+002
 2.56880733944954e-003    3.80952380952381e+002
 2.56880733944954e-003    2.53968253968254e+002
 2.56880733944954e-003    1.26984126984127e+002
 2.56880733944954e-003   -1.26984126984127e+002
 2.56880733944954e-003   -3.80952380952381e+002
 2.69113149847095e-003   -5.07936507936508e+002
 2.69113149847095e-003   -6.34920634920635e+002
 2.69113149847095e-003   -8.88888888888889e+002
 2.69113149847095e-003   -1.14285714285714e+003
 2.81345565749235e-003   -1.14285714285714e+003
 2.93577981651376e-003   -8.88888888888889e+002
 2.93577981651376e-003   -7.61904761904762e+002
 3.05810397553517e-003   -6.34920634920635e+002
 3.05810397553517e-003   -8.88888888888889e+002
 3.05810397553517e-003   -1.14285714285714e+003
 3.18042813455658e-003   -1.26984126984127e+003
 3.18042813455658e-003   -1.52380952380952e+003
 3.18042813455658e-003   -1.90476190476190e+003
 3.30275229357798e-003   -1.77777777777778e+003
 3.30275229357798e-003   -1.52380952380952e+003
 3.42507645259939e-003   -1.26984126984127e+003
 3.42507645259939e-003   -1.65079365079365e+003
 3.54740061162080e-003   -1.77777777777778e+003
 3.54740061162080e-003   -2.03174603174603e+003
 3.66972477064220e-003   -1.77777777777778e+003
 3.79204892966361e-003   -1.52380952380952e+003
 3.79204892966361e-003   -1.39682539682540e+003
 3.91437308868502e-003   -1.52380952380952e+003
 4.03669724770642e-003   -1.26984126984127e+003
 4.15902140672783e-003   -1.14285714285714e+003
 4.28134556574924e-003   -1.01587301587302e+003
 4.40366972477064e-003   -8.88888888888889e+002
 4.40366972477064e-003   -6.34920634920635e+002
 4.40366972477064e-003   -3.80952380952381e+002
 4.40366972477064e-003   -2.53968253968254e+002
 4.52599388379205e-003   -1.26984126984127e+002
 4.64831804281346e-003    1.26984126984127e+002
 4.64831804281346e-003    3.80952380952381e+002
 4.77064220183486e-003    6.34920634920635e+002
 4.89296636085627e-003    8.88888888888889e+002
 4.89296636085627e-003    1.26984126984127e+003
 5.01529051987768e-003    1.52380952380952e+003
 5.13761467889908e-003    1.77777777777778e+003
 5.25993883792049e-003    2.28571428571429e+003
 5.25993883792049e-003    2.66666666666667e+003
 5.50458715596330e-003    2.79365079365079e+003
 5.62691131498471e-003    3.04761904761905e+003
 5.62691131498471e-003    3.42857142857143e+003
 5.87155963302752e-003    3.68253968253968e+003
 5.99388379204893e-003    3.93650793650794e+003
 6.11620795107034e-003    4.19047619047619e+003
 6.36085626911315e-003    4.31746031746032e+003
 6.60550458715596e-003    4.19047619047619e+003
 6.60550458715596e-003    3.93650793650794e+003
 6.85015290519878e-003    3.68253968253968e+003
 6.97247706422018e-003    3.30158730158730e+003
 7.09480122324159e-003    3.04761904761905e+003
 7.21712538226300e-003    2.66666666666667e+003
 7.33944954128440e-003    2.28571428571429e+003
 7.46177370030581e-003    2.03174603174603e+003
 7.58409785932722e-003    1.52380952380952e+003
 7.58409785932722e-003    1.14285714285714e+003
 7.82874617737003e-003    6.34920634920635e+002
 7.95107033639144e-003    1.26984126984127e+002
 7.95107033639144e-003   -3.80952380952381e+002
 8.19571865443425e-003   -7.61904761904762e+002
 8.31804281345566e-003   -1.14285714285714e+003
 8.44036697247707e-003   -1.52380952380952e+003
 8.56269113149847e-003   -1.77777777777778e+003
 8.68501529051988e-003   -2.03174603174603e+003
 8.80733944954129e-003   -2.28571428571429e+003
 9.05198776758410e-003   -2.28571428571429e+003
 9.17431192660551e-003   -2.28571428571429e+003
 9.29663608562691e-003   -2.03174603174603e+003
 9.41896024464832e-003   -1.90476190476190e+003
 9.54128440366973e-003   -1.77777777777778e+003
 9.66360856269113e-003   -1.52380952380952e+003
 9.66360856269113e-003   -1.14285714285714e+003
 9.78593272171254e-003   -8.88888888888889e+002
 9.90825688073395e-003   -5.07936507936508e+002
 1.00305810397554e-002   -2.53968253968254e+002
 1.00305810397554e-002    1.26984126984127e+002
 1.01529051987768e-002    3.80952380952381e+002
 1.01529051987768e-002    7.61904761904762e+002
 1.02752293577982e-002    1.01587301587302e+003
 1.03975535168196e-002    1.39682539682540e+003
 1.05198776758410e-002    1.65079365079365e+003
 1.05198776758410e-002    2.15873015873016e+003
 1.06422018348624e-002    2.41269841269841e+003
 1.06422018348624e-002    2.66666666666667e+003
 1.07645259938838e-002    2.92063492063492e+003
 1.08868501529052e-002    3.04761904761905e+003
 1.08868501529052e-002    3.30158730158730e+003
 1.10091743119266e-002    3.55555555555556e+003
 1.11314984709480e-002    3.93650793650794e+003
 1.12538226299694e-002    4.31746031746032e+003
 1.13761467889908e-002    4.57142857142857e+003
 1.14984709480122e-002    4.69841269841270e+003
 1.16207951070336e-002    4.82539682539683e+003
 1.18654434250765e-002    4.69841269841270e+003
 1.19877675840979e-002    4.44444444444444e+003
 1.21100917431193e-002    4.19047619047619e+003
 1.22324159021407e-002    3.93650793650794e+003
 1.23547400611621e-002    3.68253968253968e+003
 1.24770642201835e-002    3.30158730158730e+003
 1.25993883792049e-002    3.04761904761905e+003
 1.27217125382263e-002    2.66666666666667e+003
 1.27217125382263e-002    2.28571428571429e+003
 1.28440366972477e-002    2.03174603174603e+003
 1.29663608562691e-002    1.52380952380952e+003
 1.29663608562691e-002    1.14285714285714e+003
 1.32110091743119e-002    7.61904761904762e+002
 1.32110091743119e-002    2.53968253968254e+002
 1.33333333333333e-002   -1.26984126984127e+002
 1.34556574923547e-002   -5.07936507936508e+002
 1.35779816513761e-002   -8.88888888888889e+002
 1.35779816513761e-002   -1.14285714285714e+003
 1.37003058103976e-002   -1.39682539682540e+003
 1.38226299694190e-002   -1.65079365079365e+003
 1.39449541284404e-002   -1.90476190476190e+003
 1.40672782874618e-002   -2.28571428571429e+003
 1.41896024464832e-002   -2.41269841269841e+003
 1.44342507645260e-002   -2.41269841269841e+003
 1.45565749235474e-002   -2.28571428571429e+003
 1.46788990825688e-002   -2.15873015873016e+003
 1.48012232415902e-002   -1.90476190476190e+003
 1.49235474006116e-002   -1.77777777777778e+003
 1.50458715596330e-002   -1.52380952380952e+003
 1.50458715596330e-002   -1.14285714285714e+003
 1.51681957186544e-002   -8.88888888888889e+002
 1.52905198776758e-002   -6.34920634920635e+002
 1.52905198776758e-002   -5.07936507936508e+002
 1.54128440366973e-002   -2.53968253968254e+002
 1.54128440366973e-002    1.26984126984127e+002
 1.55351681957187e-002    2.53968253968254e+002
 1.55351681957187e-002    5.07936507936508e+002
 1.56574923547401e-002    6.34920634920635e+002
 1.56574923547401e-002    1.01587301587302e+003
 1.56574923547401e-002    1.26984126984127e+003
 1.57798165137615e-002    1.39682539682540e+003
 1.59021406727829e-002    1.52380952380952e+003
 1.59021406727829e-002    1.65079365079365e+003
 1.59021406727829e-002    1.90476190476190e+003
 1.59021406727829e-002    2.15873015873016e+003
 1.60244648318043e-002    2.15873015873016e+003
 1.60244648318043e-002    2.28571428571429e+003
 1.61467889908257e-002    2.53968253968254e+003
 1.61467889908257e-002    2.66666666666667e+003
 1.62691131498471e-002    2.92063492063492e+003
 1.62691131498471e-002    3.17460317460317e+003
 1.63914373088685e-002    3.42857142857143e+003
 1.65137614678899e-002    3.68253968253968e+003
 1.66360856269113e-002    3.93650793650794e+003
 1.66360856269113e-002    4.06349206349206e+003
 1.67584097859327e-002    4.19047619047619e+003
 1.68807339449541e-002    4.31746031746032e+003
 1.70030581039755e-002    4.19047619047619e+003
 1.71253822629969e-002    4.06349206349206e+003
 1.72477064220183e-002    3.93650793650794e+003
 1.73700305810398e-002    3.68253968253968e+003
 1.74923547400612e-002    3.42857142857143e+003
 1.76146788990826e-002    3.17460317460317e+003
 1.77370030581040e-002    2.92063492063492e+003
 1.78593272171254e-002    2.53968253968254e+003
 1.79816513761468e-002    2.15873015873016e+003
 1.81039755351682e-002    1.65079365079365e+003
 1.82262996941896e-002    1.26984126984127e+003
 1.83486238532110e-002    8.88888888888889e+002
 1.84709480122324e-002    3.80952380952381e+002
 1.85932721712538e-002    0.00000000000000e+000
 1.87155963302752e-002   -3.80952380952381e+002
 1.88379204892966e-002   -7.61904761904762e+002
 1.89602446483180e-002   -1.14285714285714e+003
 1.90825688073395e-002   -1.39682539682540e+003
 1.92048929663609e-002   -1.65079365079365e+003
 1.93272171253823e-002   -1.77777777777778e+003
 1.95718654434251e-002   -1.90476190476190e+003
 1.98165137614679e-002   -1.90476190476190e+003
 1.99388379204893e-002   -1.77777777777778e+003
 1.99388379204893e-002   -1.65079365079365e+003
 2.00611620795107e-002   -1.39682539682540e+003
 2.01834862385321e-002   -1.14285714285714e+003
 2.03058103975535e-002   -8.88888888888889e+002
 2.04281345565749e-002   -6.34920634920635e+002
 2.05504587155963e-002   -2.53968253968254e+002
 2.06727828746177e-002    1.26984126984127e+002
 2.07951070336391e-002    3.80952380952381e+002
 2.07951070336391e-002    7.61904761904762e+002
 2.09174311926606e-002    8.88888888888889e+002
 2.10397553516820e-002    1.14285714285714e+003
 2.11620795107034e-002    1.26984126984127e+003
 2.11620795107034e-002    1.52380952380952e+003
 2.12844036697248e-002    1.90476190476190e+003
 2.14067278287462e-002    2.28571428571429e+003
 2.16513761467890e-002    2.53968253968254e+003
 2.17737003058104e-002    2.66666666666667e+003
 2.18960244648318e-002    2.92063492063492e+003
 2.21406727828746e-002    3.04761904761905e+003
 2.22629969418960e-002    2.92063492063492e+003
 2.25076452599388e-002    2.79365079365079e+003
 2.26299694189602e-002    2.53968253968254e+003
 2.27522935779817e-002    2.28571428571429e+003
 2.28746177370031e-002    1.90476190476190e+003
 2.29969418960245e-002    1.65079365079365e+003
 2.29969418960245e-002    1.26984126984127e+003
 2.31192660550459e-002    1.14285714285714e+003
 2.32415902140673e-002    8.88888888888889e+002
 2.33639143730887e-002    7.61904761904762e+002
 2.33639143730887e-002    2.53968253968254e+002
 2.34862385321101e-002    0.00000000000000e+000
 2.37308868501529e-002   -3.80952380952381e+002
 2.37308868501529e-002   -6.34920634920635e+002
 2.38532110091743e-002   -1.01587301587302e+003
 2.40978593272171e-002   -1.52380952380952e+003
 2.43425076452599e-002   -1.77777777777778e+003
 2.45871559633028e-002   -2.03174603174603e+003
 2.48318042813456e-002   -1.77777777777778e+003
 2.50764525993884e-002   -1.52380952380952e+003
 2.53211009174312e-002   -8.88888888888889e+002
 2.55657492354740e-002   -2.53968253968254e+002
 2.58103975535168e-002    2.53968253968254e+002
 2.59327217125382e-002    8.88888888888889e+002
 2.61773700305810e-002    1.52380952380952e+003
 2.62996941896024e-002    2.03174603174603e+003
 2.64220183486239e-002    2.66666666666667e+003
 2.67889908256881e-002    3.04761904761905e+003
 2.71559633027523e-002    3.17460317460317e+003
 2.72782874617737e-002    2.92063492063492e+003
 2.75229357798165e-002    2.41269841269841e+003
 2.76452599388379e-002    1.90476190476190e+003
 2.78899082568807e-002    1.52380952380952e+003
 2.80122324159021e-002    8.88888888888889e+002
 2.81345565749235e-002    3.80952380952381e+002
 2.82568807339450e-002   -1.26984126984127e+002
 2.85015290519878e-002   -6.34920634920635e+002
 2.86238532110092e-002   -1.14285714285714e+003
 2.88685015290520e-002   -1.52380952380952e+003
 2.89908256880734e-002   -1.90476190476190e+003
 2.93577981651376e-002   -2.03174603174603e+003
 2.96024464831804e-002   -1.77777777777778e+003
 2.98470948012232e-002   -1.39682539682540e+003
 2.99694189602446e-002   -8.88888888888889e+002
 3.02140672782875e-002   -2.53968253968254e+002
 3.04587155963303e-002    2.53968253968254e+002
 3.05810397553517e-002    7.61904761904762e+002
 3.07033639143731e-002    1.52380952380952e+003
 3.09480122324159e-002    2.03174603174603e+003
 3.13149847094801e-002    2.53968253968254e+003
 3.15596330275229e-002    2.92063492063492e+003
 3.19266055045872e-002    2.53968253968254e+003
 3.21712538226300e-002    2.15873015873016e+003
 3.22935779816514e-002    1.65079365079365e+003
 3.25382262996942e-002    1.14285714285714e+003
 3.26605504587156e-002    5.07936507936508e+002
 3.29051987767584e-002    1.26984126984127e+002
 3.30275229357798e-002   -5.07936507936508e+002
 3.32721712538226e-002   -1.01587301587302e+003
 3.35168195718654e-002   -1.26984126984127e+003
 3.37614678899083e-002   -1.65079365079365e+003
 3.41284403669725e-002   -1.52380952380952e+003
 3.43730886850153e-002   -1.14285714285714e+003
 3.46177370030581e-002   -6.34920634920635e+002
 3.48623853211009e-002   -1.26984126984127e+002
 3.51070336391437e-002    5.07936507936508e+002
 3.53516819571865e-002    1.26984126984127e+003
 3.55963302752294e-002    1.77777777777778e+003
 3.58409785932722e-002    2.15873015873016e+003
 3.60856269113150e-002    2.41269841269841e+003
 3.63302752293578e-002    2.28571428571429e+003
 3.65749235474006e-002    2.15873015873016e+003
 3.66972477064220e-002    1.77777777777778e+003
 3.69418960244648e-002    1.39682539682540e+003
 3.71865443425076e-002    8.88888888888889e+002
 3.73088685015291e-002    3.80952380952381e+002
 3.75535168195719e-002   -1.26984126984127e+002
 3.77981651376147e-002   -5.07936507936508e+002
 3.80428134556575e-002   -8.88888888888889e+002
 3.82874617737003e-002   -1.26984126984127e+003
 3.85321100917431e-002   -1.26984126984127e+003
 3.87767584097859e-002   -1.01587301587302e+003
 3.91437308868502e-002   -5.07936507936508e+002
 3.93883792048930e-002    0.00000000000000e+000
 3.95107033639144e-002    3.80952380952381e+002
 3.97553516819572e-002    1.01587301587302e+003
 4.00000000000000e-002    1.39682539682540e+003
 4.01223241590214e-002    1.77777777777778e+003
 4.03669724770642e-002    2.03174603174603e+003
 4.06116207951070e-002    2.15873015873016e+003
 4.08562691131499e-002    2.15873015873016e+003
 4.11009174311927e-002    1.77777777777778e+003
 4.13455657492355e-002    1.39682539682540e+003
 4.14678899082569e-002    1.01587301587302e+003
 4.17125382262997e-002    6.34920634920635e+002
 4.19571865443425e-002    1.26984126984127e+002
 4.20795107033639e-002   -2.53968253968254e+002
 4.22018348623853e-002   -6.34920634920635e+002
 4.24464831804281e-002   -1.01587301587302e+003
 4.25688073394495e-002   -1.26984126984127e+003
 4.29357798165138e-002   -1.26984126984127e+003
 4.31804281345566e-002   -1.01587301587302e+003
 4.34250764525994e-002   -7.61904761904762e+002
 4.36697247706422e-002   -2.53968253968254e+002
 4.37920489296636e-002    1.26984126984127e+002
 4.40366972477064e-002    6.34920634920635e+002
 4.41590214067278e-002    1.01587301587302e+003
 4.44036697247706e-002    1.52380952380952e+003
 4.46483180428135e-002    1.90476190476190e+003
 4.48929663608563e-002    2.15873015873016e+003
 4.52599388379205e-002    2.03174603174603e+003
 4.56269113149847e-002    1.52380952380952e+003
 4.58715596330275e-002    1.01587301587302e+003
 4.61162079510703e-002    5.07936507936508e+002
 4.63608562691132e-002    0.00000000000000e+000
 4.63608562691132e-002   -5.07936507936508e+002
 4.66055045871560e-002   -8.88888888888889e+002
 4.68501529051988e-002   -1.26984126984127e+003
 4.72171253822630e-002   -1.39682539682540e+003
 4.75840978593272e-002   -1.14285714285714e+003
 4.78287461773700e-002   -6.34920634920635e+002
 4.80733944954128e-002   -2.53968253968254e+002
 4.81957186544343e-002    3.80952380952381e+002
 4.84403669724771e-002    8.88888888888889e+002
 4.86850152905199e-002    1.26984126984127e+003
 4.89296636085627e-002    1.77777777777778e+003
 4.91743119266055e-002    2.15873015873016e+003
 4.94189602446483e-002    2.15873015873016e+003
 4.96636085626911e-002    1.90476190476190e+003
 4.97859327217125e-002    1.52380952380952e+003
 5.01529051987768e-002    1.01587301587302e+003
 5.02752293577982e-002    3.80952380952381e+002
 5.05198776758410e-002   -1.26984126984127e+002
 5.07645259938838e-002   -5.07936507936508e+002
 5.08868501529052e-002   -8.88888888888889e+002
 5.11314984709480e-002   -1.26984126984127e+003
 5.14984709480122e-002   -1.26984126984127e+003
 5.18654434250765e-002   -1.01587301587302e+003
 5.19877675840979e-002   -6.34920634920635e+002
 5.22324159021407e-002   -2.53968253968254e+002
 5.24770642201835e-002    1.26984126984127e+002
 5.25993883792049e-002    6.34920634920635e+002
 5.28440366972477e-002    1.01587301587302e+003
 5.30886850152905e-002    1.39682539682540e+003
 5.33333333333333e-002    1.65079365079365e+003
 5.35779816513761e-002    1.65079365079365e+003
 5.38226299694190e-002    1.52380952380952e+003
 5.39449541284404e-002    1.26984126984127e+003
 5.41896024464832e-002    1.14285714285714e+003
 5.43119266055046e-002    7.61904761904762e+002
 5.45565749235474e-002    3.80952380952381e+002
 5.46788990825688e-002    0.00000000000000e+000
 5.49235474006116e-002   -3.80952380952381e+002
 5.50458715596330e-002   -6.34920634920635e+002
 5.54128440366972e-002   -7.61904761904762e+002
 5.56574923547401e-002   -8.88888888888889e+002
 5.59021406727829e-002   -7.61904761904762e+002
 5.61467889908257e-002   -5.07936507936508e+002
 5.63914373088685e-002   -1.26984126984127e+002
 5.66360856269113e-002    2.53968253968254e+002
 5.68807339449541e-002    6.34920634920635e+002
 5.71253822629969e-002    1.01587301587302e+003
 5.73700305810398e-002    1.14285714285714e+003
 5.76146788990826e-002    1.26984126984127e+003
 5.77370030581040e-002    1.14285714285714e+003
 5.79816513761468e-002    1.01587301587302e+003
 5.82262996941896e-002    7.61904761904762e+002
 5.84709480122324e-002    5.07936507936508e+002
 5.87155963302752e-002    1.26984126984127e+002
 5.89602446483180e-002   -1.26984126984127e+002
 5.92048929663609e-002   -3.80952380952381e+002
 5.94495412844037e-002   -5.07936507936508e+002
 5.98165137614679e-002   -5.07936507936508e+002
 6.00611620795107e-002   -3.80952380952381e+002
 6.03058103975535e-002   -1.26984126984127e+002
 6.05504587155963e-002    1.26984126984127e+002
 6.07951070336391e-002    3.80952380952381e+002
 6.10397553516820e-002    7.61904761904762e+002
 6.14067278287462e-002    1.01587301587302e+003
 6.17737003058104e-002    1.01587301587302e+003
 6.21406727828746e-002    8.88888888888889e+002
 6.23853211009174e-002    6.34920634920635e+002
 6.26299694189602e-002    3.80952380952381e+002
 6.29969418960245e-002    0.00000000000000e+000
 6.32415902140673e-002   -2.53968253968254e+002
 6.36085626911315e-002   -3.80952380952381e+002
 6.38532110091743e-002   -3.80952380952381e+002
 6.40978593272171e-002   -2.53968253968254e+002
 6.43425076452599e-002   -1.26984126984127e+002
 6.45871559633028e-002    1.26984126984127e+002
 6.48318042813456e-002    3.80952380952381e+002
 6.51987767584098e-002    6.34920634920635e+002
 6.54434250764526e-002    8.88888888888889e+002
 6.58103975535168e-002    8.88888888888889e+002
 6.61773700305810e-002    8.88888888888889e+002
 6.62996941896024e-002    6.34920634920635e+002
 6.66666666666667e-002    3.80952380952381e+002
 6.69113149847095e-002    0.00000000000000e+000
 6.72782874617737e-002   -1.26984126984127e+002
 6.75229357798165e-002   -2.53968253968254e+002
 6.77675840978593e-002   -3.80952380952381e+002
 6.80122324159021e-002   -3.80952380952381e+002
 6.82568807339450e-002   -2.53968253968254e+002
 6.85015290519878e-002    0.00000000000000e+000
 6.87461773700306e-002    2.53968253968254e+002
 6.91131498470948e-002    5.07936507936508e+002
 6.93577981651376e-002    7.61904761904762e+002
 6.97247706422018e-002    7.61904761904762e+002
 6.99694189602447e-002    6.34920634920635e+002
 7.03363914373089e-002    5.07936507936508e+002
 7.07033639143731e-002    2.53968253968254e+002
 7.11926605504587e-002    0.00000000000000e+000
 7.15596330275229e-002   -1.26984126984127e+002
 7.19266055045872e-002   -1.26984126984127e+002
 7.24159021406728e-002    0.00000000000000e+000
 7.27828746177370e-002    2.53968253968254e+002
 7.30275229357798e-002    5.07936507936508e+002
 7.33944954128440e-002    6.34920634920635e+002
 7.37614678899083e-002    6.34920634920635e+002
 7.41284403669725e-002    6.34920634920635e+002
 7.43730886850153e-002    3.80952380952381e+002
 7.47400611620795e-002    2.53968253968254e+002
 7.52293577981651e-002    1.26984126984127e+002
 7.54740061162080e-002    0.00000000000000e+000
 7.58409785932722e-002    0.00000000000000e+000
 7.62079510703364e-002    0.00000000000000e+000
 7.64525993883792e-002    1.26984126984127e+002
 7.66972477064220e-002    2.53968253968254e+002
 7.70642201834862e-002    3.80952380952381e+002
 7.74311926605505e-002    5.07936507936508e+002
 7.76758409785933e-002    5.07936507936508e+002
 7.79204892966361e-002    3.80952380952381e+002
 7.82874617737003e-002    3.80952380952381e+002
 7.86544342507645e-002    2.53968253968254e+002
 7.91437308868502e-002    1.26984126984127e+002
 7.97553516819572e-002    1.26984126984127e+002
 8.03669724770642e-002    1.26984126984127e+002
 8.06116207951070e-002    2.53968253968254e+002
 8.09785932721713e-002    2.53968253968254e+002
 8.12232415902141e-002    3.80952380952381e+002
 8.15902140672783e-002    2.53968253968254e+002
 8.22018348623853e-002    2.53968253968254e+002
 8.25688073394495e-002    1.26984126984127e+002
 8.30581039755352e-002    1.26984126984127e+002
 8.35474006116208e-002    1.26984126984127e+002
 8.41590214067278e-002    1.26984126984127e+002
 8.44036697247706e-002    2.53968253968254e+002
 8.50152905198777e-002    2.53968253968254e+002
 8.52599388379205e-002    3.80952380952381e+002
 8.58715596330275e-002    2.53968253968254e+002
 8.63608562691131e-002    2.53968253968254e+002
 8.68501529051988e-002    0.00000000000000e+000
 8.74617737003058e-002    0.00000000000000e+000
 8.80733944954128e-002    1.26984126984127e+002
 8.85626911314985e-002    1.26984126984127e+002
 8.89296636085627e-002    2.53968253968254e+002
 8.95412844036697e-002    2.53968253968254e+002
 9.00305810397554e-002    3.80952380952381e+002
