#Note: P1-P5 are absolute pressures
#Note: Ullage pressure in tank is 0.75 bar
#Time     P1      P2     P3       P4      P5
-0.0200	75834.4	75324.3	75007.7	75005.8	75003.3
-0.0199	75838.0	75329.4	75007.2	75005.5	75003.5
-0.0198	75840.7	75331.1	75005.0	75004.1	75002.4
-0.0197	75845.7	75336.9	75007.1	75005.4	75002.9
-0.0196	75849.3	75340.2	75006.8	75005.0	75002.7
-0.0195	75851.9	75342.1	75005.1	75004.0	75002.0
-0.0194	75854.9	75346.1	75006.1	75004.6	75002.1
-0.0193	75859.7	75351.3	75007.5	75005.3	75002.0
-0.0192	75862.7	75354.6	75006.6	75004.6	75001.8
-0.0191	75864.5	75355.9	75004.8	75003.7	75001.7
-0.0190	75868.0	75360.4	75004.6	75002.8	75000.6
-0.0189	75870.3	75362.4	75003.3	75002.0	75000.1
-0.0188	75874.6	75366.5	75003.2	75001.8	74999.5
-0.0187	75879.7	75373.1	75004.5	75002.7	75000.4
-0.0186	75883.5	75376.0	75003.6	75002.3	75000.2
-0.0185	75887.9	75381.9	75004.4	75003.1	75001.1
-0.0184	75892.7	75387.3	75005.4	75003.9	75001.5
-0.0183	75898.5	75394.4	75008.1	75006.2	75002.5
-0.0182	75905.5	75403.0	75011.8	75008.8	75005.1
-0.0181	75906.7	75403.4	75008.0	75007.2	75005.0
-0.0180	75911.9	75410.7	75009.2	75007.5	75005.0
-0.0179	75915.4	75415.0	75009.5	75007.4	75004.4
-0.0178	75919.3	75418.4	75008.7	75007.4	75005.2
-0.0177	75922.8	75422.2	75008.8	75007.4	75005.0
-0.0176	75927.0	75426.7	75009.4	75007.7	75005.1
-0.0175	75930.8	75430.6	75009.2	75007.7	75005.2
-0.0174	75935.3	75435.6	75009.9	75007.9	75004.6
-0.0173	75940.2	75441.7	75012.5	75010.5	75006.6
-0.0172	75945.4	75447.1	75012.8	75009.9	75006.2
-0.0171	75946.7	75447.9	75010.0	75008.7	75005.9
-0.0170	75950.1	75452.7	75010.2	75007.8	75004.5
-0.0169	75952.4	75455.9	75009.1	75007.3	75004.7
-0.0168	75955.1	75458.4	75006.5	75005.5	75003.3
-0.0167	75959.8	75464.7	75007.3	75005.6	75003.0
-0.0166	75964.4	75469.4	75007.1	75005.4	75002.6
-0.0165	75970.5	75476.5	75008.5	75006.3	75002.8
-0.0164	75975.0	75481.9	75009.4	75007.3	75004.2
-0.0163	75979.5	75487.2	75008.9	75007.9	75004.4
-0.0162	75985.6	75496.2	75013.0	75009.6	75005.3
-0.0161	75988.8	75499.1	75010.8	75008.9	75005.0
-0.0160	75992.9	75503.8	75012.0	75010.0	75006.8
-0.0159	75996.3	75507.5	75010.1	75008.4	75005.5
-0.0158	76000.1	75511.2	75009.3	75008.0	75005.1
-0.0157	76003.5	75515.8	75010.2	75008.2	75004.4
-0.0156	76008.9	75522.1	75011.6	75009.4	75005.5
-0.0155	76012.3	75526.1	75011.0	75009.0	75005.7
-0.0154	76017.0	75530.6	75010.5	75008.8	75005.4
-0.0153	76020.7	75535.4	75011.2	75009.7	75005.7
-0.0152	76027.0	75543.4	75013.9	75009.9	75004.3
-0.0151	76030.4	75547.0	75012.9	75011.1	75007.4
-0.0150	76032.6	75549.9	75009.7	75008.3	75005.1
-0.0149	76036.3	75555.0	75009.6	75007.6	75004.2
-0.0148	76040.1	75559.9	75008.6	75006.5	75001.9
-0.0147	76046.2	75566.9	75010.3	75008.1	75003.8
-0.0146	76048.9	75570.3	75008.1	75006.3	75002.6
-0.0145	76053.3	75576.2	75008.2	75006.2	75002.5
-0.0144	76057.1	75581.5	75007.8	75005.6	75001.7
-0.0143	76062.0	75587.0	75008.2	75006.2	75001.0
-0.0142	76068.6	75595.2	75012.9	75009.1	75003.8
-0.0141	76070.2	75596.0	75007.8	75007.0	75003.4
-0.0140	76074.4	75601.8	75009.2	75007.1	75002.9
-0.0139	76079.9	75608.8	75010.6	75007.3	75001.8
-0.0138	76084.3	75613.2	75009.8	75007.8	75003.6
-0.0137	76088.7	75617.9	75009.3	75007.2	75002.8
-0.0136	76092.9	75623.2	75009.3	75007.1	75002.9
-0.0135	76096.3	75627.8	75008.7	75007.0	75002.8
-0.0134	76101.3	75634.6	75010.4	75007.7	75002.0
-0.0133	76107.5	75642.5	75012.9	75010.6	75005.7
-0.0132	76111.9	75647.4	75012.7	75010.1	75005.0
-0.0131	76118.5	75655.6	75013.4	75011.4	75005.3
-0.0130	76125.3	75664.1	75015.9	75012.7	75006.2
-0.0129	76128.4	75667.9	75013.4	75011.3	75006.2
-0.0128	76133.7	75674.3	75012.4	75010.2	75005.2
-0.0127	76135.6	75677.5	75011.6	75009.2	75004.3
-0.0126	76138.8	75681.6	75010.3	75008.3	75003.6
-0.0125	76143.7	75688.2	75011.7	75008.8	75002.6
-0.0124	76149.6	75694.6	75013.2	75010.4	75005.2
-0.0123	76153.7	75698.9	75011.3	75010.1	75005.2
-0.0122	76160.2	75708.0	75016.4	75012.3	75004.0
-0.0121	76167.0	75715.3	75017.4	75014.9	75007.8
-0.0120	76169.2	75718.8	75014.8	75012.9	75006.9
-0.0119	76174.6	75725.2	75015.3	75012.3	75006.1
-0.0118	76177.0	75728.7	75012.5	75010.4	75004.8
-0.0117	76180.8	75733.9	75012.1	75009.7	75004.0
-0.0116	76186.4	75741.7	75012.8	75010.4	75003.5
-0.0115	76192.4	75749.2	75014.8	75011.9	75005.9
-0.0114	76197.1	75754.4	75013.0	75011.3	75005.4
-0.0113	76206.2	75767.1	75019.4	75014.5	75005.7
-0.0112	76212.8	75774.0	75020.2	75016.9	75008.8
-0.0111	76216.7	75779.0	75018.6	75016.3	75008.7
-0.0110	76220.5	75784.1	75018.1	75015.0	75007.5
-0.0109	76221.4	75786.1	75014.7	75012.6	75006.0
-0.0108	76223.8	75790.1	75014.7	75011.8	75004.4
-0.0107	76229.3	75797.9	75016.9	75012.9	75004.4
-0.0106	76235.1	75803.8	75015.4	75012.2	75005.5
-0.0105	76239.2	75808.3	75014.5	75012.9	75003.4
-0.0104	76249.5	75822.0	75021.6	75016.8	75006.1
-0.0103	76252.5	75825.4	75019.0	75016.2	75007.6
-0.0102	76259.4	75834.4	75021.3	75016.8	75007.1
-0.0101	76263.1	75839.5	75019.1	75015.1	75006.4
-0.0100	76265.7	75843.8	75018.0	75013.7	75005.1
-0.0099	76269.9	75849.7	75016.8	75012.3	75002.2
-0.0098	76276.5	75858.8	75018.6	75014.5	75004.6
-0.0097	76280.2	75863.6	75017.5	75012.4	75004.5
-0.0096	76285.4	75870.9	75021.4	75014.3	75001.4
-0.0095	76295.2	75881.8	75026.0	75018.6	75006.3
-0.0094	76298.4	75886.4	75025.4	75017.6	75006.4
-0.0093	76306.0	75895.3	75028.4	75017.6	75006.4
-0.0092	76308.1	75898.9	75032.1	75016.1	75005.0
-0.0091	76311.7	75903.7	75033.2	75014.8	75004.1
-0.0090	76313.9	75908.4	75035.8	75013.8	75000.5
-0.0089	76320.7	75917.2	75046.3	75015.6	75004.0
-0.0088	76323.3	75920.2	75045.7	75012.8	75002.0
-0.0087	76332.8	75933.8	75064.7	75015.6	74999.8
-0.0086	76340.0	75940.5	75073.4	75018.3	75004.4
-0.0085	76346.6	75950.1	75088.0	75018.6	75004.3
-0.0084	76352.4	75957.6	75097.9	75018.1	75004.1
-0.0083	76355.6	75963.0	75112.7	75017.4	75003.5
-0.0082	76359.4	75968.7	75123.0	75016.6	75001.8
-0.0081	76364.6	75976.4	75134.5	75019.0	75002.3
-0.0080	76370.9	75983.2	75140.8	75018.2	75004.5
-0.0079	76375.4	75988.9	75149.0	75019.3	75000.3
-0.0078	76386.6	76004.2	75169.0	75024.4	75003.3
-0.0077	76390.6	76008.3	75173.8	75024.9	75006.2
-0.0076	76398.2	76018.3	75183.9	75025.1	75006.1
-0.0075	76401.1	76022.7	75191.4	75024.1	75005.4
-0.0074	76404.4	76028.4	75201.4	75022.3	75004.1
-0.0073	76408.0	76034.0	75211.0	75021.7	74998.8
-0.0072	76417.1	76046.7	75230.4	75025.4	75004.7
-0.0071	76421.2	76050.9	75234.9	75022.0	75003.9
-0.0070	76428.8	76061.6	75258.6	75025.8	74997.7
-0.0069	76441.1	76076.5	75272.8	75031.4	75004.7
-0.0068	76444.6	76081.7	75281.2	75032.0	75005.8
-0.0067	76451.1	76089.5	75288.3	75031.6	75005.6
-0.0066	76451.9	76092.5	75293.4	75029.6	75004.0
-0.0065	76454.3	76096.9	75300.6	75027.0	75000.6
-0.0064	76459.7	76106.5	75312.9	75029.8	74999.4
-0.0063	76467.8	76114.4	75319.5	75028.8	75002.8
-0.0062	76472.4	76120.1	75327.0	75027.3	75000.4
-0.0061	76482.9	76135.6	75349.0	75033.2	74995.2
-0.0060	76495.0	76149.1	75366.4	75040.6	75003.6
-0.0059	76498.8	76156.5	75381.1	75042.1	75004.6
-0.0058	76505.9	76164.4	75393.1	75041.0	75003.7
-0.0057	76508.0	76169.8	75407.3	75038.9	75001.6
-0.0056	76512.1	76176.3	75417.1	75039.0	74992.4
-0.0055	76522.5	76189.3	75431.1	75042.8	75001.7
-0.0054	76523.8	76191.0	75433.6	75039.1	75000.8
-0.0053	76530.4	76198.9	75443.5	75042.2	74988.9
-0.0052	76541.3	76217.6	75472.9	75053.4	74994.4
-0.0051	76550.6	76226.7	75484.4	75060.1	75001.9
-0.0050	76559.6	76238.2	75499.4	75062.8	75003.7
-0.0049	76565.9	76246.5	75511.6	75060.7	75001.5
-0.0048	76570.7	76253.5	75521.4	75057.0	74997.0
-0.0047	76576.5	76264.5	75543.0	75061.0	74990.3
-0.0046	76584.5	76272.2	75552.6	75061.1	74998.5
-0.0045	76588.9	76280.3	75569.2	75056.0	74995.5
-0.0044	76593.8	76286.8	75583.5	75067.8	74976.3
-0.0043	76612.5	76313.0	75616.7	75087.8	74990.7
-0.0042	76623.1	76326.1	75636.4	75099.8	74998.9
-0.0041	76636.0	76340.8	75655.1	75103.9	74999.3
-0.0040	76644.1	76350.0	75664.6	75100.8	74994.5
-0.0039	76644.4	76351.8	75669.4	75098.5	74976.6
-0.0038	76650.2	76365.0	75693.9	75102.9	74984.0
-0.0037	76651.9	76365.5	75696.8	75097.6	74986.6
-0.0036	76651.3	76367.2	75703.1	75090.1	74980.8
-0.0035	76661.7	76386.5	75745.6	75120.7	74948.4
-0.0034	76697.0	76429.6	75801.3	75165.0	74973.0
-0.0033	76724.8	76461.0	75841.8	75193.2	74987.0
-0.0032	76748.8	76485.5	75868.6	75207.2	74984.5
-0.0031	76755.8	76495.0	75883.3	75210.7	74974.7
-0.0030	76753.0	76495.3	75889.7	75212.8	74951.3
-0.0029	76750.3	76500.3	75905.9	75215.4	74966.4
-0.0028	76745.1	76496.1	75906.2	75206.7	74968.8
-0.0027	76748.4	76500.5	75913.0	75203.5	74928.6
-0.0026	76777.2	76549.9	76007.4	75304.4	74880.6
-0.0025	76868.1	76656.5	76141.6	75443.1	74940.0
-0.0024	76942.2	76743.1	76261.5	75569.0	74952.3
-0.0023	77019.6	76831.0	76375.9	75686.0	74952.8
-0.0022	77070.4	76891.7	76458.9	75774.5	74967.2
-0.0021	77083.0	76911.4	76496.6	75814.7	74960.1
-0.0020	77078.3	76916.1	76515.9	75833.0	74938.8
-0.0019	77067.6	76909.0	76514.4	75825.5	74959.3
-0.0018	77050.6	76891.8	76498.5	75806.8	74883.9
-0.0017	77091.4	76993.1	76761.0	76311.3	74365.9
-0.0016	77525.9	77595.0	77631.1	77338.5	74639.9
-0.0015	78106.4	78291.5	78610.6	78617.9	74859.2
-0.0014	78811.9	79118.4	79722.9	80055.9	74962.2
-0.0013	79574.4	80003.7	80880.1	81530.9	75026.9
-0.0012	80193.6	80770.1	81966.4	83034.1	75064.5
-0.0011	80741.2	81473.2	82991.6	84468.7	75094.9
-0.0010	81193.8	82092.7	83952.9	85864.8	75117.6
-0.0009	81623.6	82663.2	84816.4	87140.2	75113.6
-0.0008	82055.9	83189.9	85560.9	88242.1	75186.5
-0.0007	82476.9	83697.5	86271.6	89247.4	75155.8
-0.0006	82843.6	84107.7	86804.2	90065.4	75165.2
-0.0005	83091.6	84413.3	87239.5	90732.2	75190.2
-0.0004	83198.9	84576.3	87522.6	91279.1	75227.6
-0.0003	83190.7	84580.9	87546.8	91500.3	77410.3
-0.0002	83114.4	84520.6	87504.5	91544.6	87457.5
-0.0001	83039.3	84432.9	87404.7	91565.9	91053.7
0.0000	82976.7	84305.0	87149.2	91289.7	93633.8
0.0001	82821.1	84097.5	86834.2	90890.4	96954.8
0.0002	82590.8	83810.3	86432.1	90390.7	97874.9
0.0003	82269.0	83425.0	85911.1	89752.8	97484.0
0.0004	81937.0	83045.5	85404.6	89039.8	97007.0
0.0005	81553.2	82566.1	84750.6	88263.8	97371.8
0.0006	81225.3	82139.5	84095.9	87265.0	96165.8
0.0007	80822.5	81646.2	83436.7	86358.3	94528.0
0.0008	80473.7	81182.4	82723.6	85330.6	93998.2
0.0009	80022.4	80632.8	81973.9	84245.1	92302.1
0.0010	79576.0	80086.9	81221.1	83184.3	90121.6
0.0011	79112.9	79531.9	80467.5	82122.1	88799.5
0.0012	78681.7	79002.9	79730.9	81032.4	87222.9
0.0013	78273.8	78495.2	79025.8	79995.5	85610.1
0.0014	77918.9	78038.7	78366.8	79008.3	84282.9
0.0015	77565.6	77593.7	77735.0	78054.1	82933.7
0.0016	77205.4	77146.3	77110.6	77124.4	81496.5
0.0017	76842.6	76711.9	76526.5	76265.2	80142.2
0.0018	76505.1	76306.1	75978.0	75464.7	78738.8
0.0019	76208.9	75945.4	75483.4	74704.3	77518.9
0.0020	75954.2	75632.5	75060.6	74108.2	76557.7
0.0021	75760.8	75377.5	74675.8	73475.2	75737.7
0.0022	75557.1	75125.7	74340.1	72975.2	74890.5
0.0023	75395.8	74918.2	74032.9	72487.4	74222.9
0.0024	75225.3	74724.8	73791.5	72111.9	73618.1
0.0025	75095.9	74567.1	73575.1	71780.9	73118.6
0.0026	74993.2	74449.5	73425.8	71532.6	72724.7
0.0027	74938.5	74382.1	73338.9	71413.2	72432.4
0.0028	74931.9	74364.0	73297.2	71312.8	72235.1
0.0029	74928.7	74360.1	73301.2	71316.1	72116.4
0.0030	74949.8	74385.2	73334.9	71361.1	72053.5
0.0031	74966.6	74417.2	73397.8	71479.6	72058.2
0.0032	75018.7	74492.3	73511.3	71623.4	72132.5
0.0033	75089.0	74581.9	73646.2	71865.6	72256.6
0.0034	75209.6	74730.0	73851.6	72307.7	72419.4
0.0035	75364.4	74916.3	74112.4	72943.4	72664.3
0.0036	75539.7	75125.2	74397.6	73705.8	72984.4
0.0037	75722.7	75359.0	74742.4	74594.1	73320.6
0.0038	75916.1	75598.5	75083.0	75325.7	73721.9
0.0039	76106.3	75840.6	75431.8	75922.5	74162.6
0.0040	76307.0	76089.6	75780.6	76490.0	74635.5
0.0041	76513.8	76344.6	76133.4	77004.3	75143.0
0.0042	76726.4	76601.3	76480.1	77437.3	75677.4
0.0043	76947.1	76878.2	76872.5	77978.6	76228.7
0.0044	77182.8	77167.9	77273.1	78604.2	76792.0
0.0045	77409.0	77446.3	77659.4	79145.0	77352.2
0.0046	77633.7	77722.0	78035.1	79642.7	77962.0
0.0047	77839.5	77968.7	78361.7	80022.9	78547.2
0.0048	78035.8	78220.6	78733.9	80665.4	79137.4
0.0049	78284.3	78538.4	79185.3	81620.7	79689.9
0.0050	78500.0	78792.9	79522.7	82199.4	80247.2
0.0051	78668.0	78987.1	79774.3	82401.1	80772.7
0.0052	78816.2	79167.4	80007.3	82530.9	81270.1
0.0053	78922.1	79302.7	80195.9	82689.7	81728.6
0.0054	79011.9	79426.8	80383.0	82922.6	82111.3
0.0055	79112.0	79555.6	80563.9	83212.0	82475.9
0.0056	79200.6	79666.2	80724.0	83510.4	82766.2
0.0057	79304.0	79784.5	80873.3	83750.6	83001.7
0.0058	79379.5	79863.2	80965.5	83880.8	83175.6
0.0059	79412.7	79897.2	81003.2	83902.1	83283.3
0.0060	79396.5	79881.5	80984.3	83829.0	83323.7
0.0061	79337.5	79821.0	80915.6	83693.9	83311.6
0.0062	79268.5	79749.4	80831.0	83533.5	83222.1
0.0063	79203.9	79669.3	80721.9	83354.5	83087.9
0.0064	79147.7	79590.0	80598.3	83147.0	82857.6
0.0065	79076.8	79492.6	80452.5	82894.4	82591.0
0.0066	78976.0	79359.7	80259.3	82572.7	82265.8
0.0067	78831.2	79188.8	80032.0	82198.1	81894.6
0.0068	78662.6	78992.6	79775.9	81780.0	81477.3
0.0069	78482.8	78776.9	79488.3	81328.0	81010.9
0.0070	78304.2	78559.4	79193.1	80854.7	80512.8
0.0071	78134.9	78345.7	78892.1	80364.3	79988.0
0.0072	77958.5	78123.3	78581.5	79861.2	79438.4
0.0073	77771.5	77891.8	78262.6	79348.1	78880.5
0.0074	77570.1	77647.2	77931.7	78823.1	78310.6
0.0075	77354.0	77389.2	77589.0	78288.6	77725.2
0.0076	77140.8	77134.4	77249.9	77753.5	77145.5
0.0077	76939.8	76888.7	76915.4	77222.1	76569.5
0.0078	76750.1	76652.8	76589.4	76696.2	76008.9
0.0079	76571.3	76428.7	76276.8	76182.2	75466.6
0.0080	76392.6	76208.7	75974.9	75691.9	74953.1
0.0081	76216.1	75996.0	75688.9	75238.6	74461.4
0.0082	76046.9	75793.2	75418.4	74820.8	74001.2
0.0083	75895.8	75612.6	75177.6	74442.8	73578.4
0.0084	75763.3	75446.7	74947.7	74087.7	73165.8
0.0085	75640.7	75294.1	74737.5	73741.6	72817.4
0.0086	75534.8	75162.0	74551.5	73424.0	72491.3
0.0087	75429.8	75033.6	74377.8	73149.3	72205.2
0.0088	75336.1	74922.5	74230.9	72923.0	71954.8
0.0089	75258.2	74830.8	74109.4	72737.6	71740.2
0.0090	75195.8	74755.6	74009.8	72587.3	71575.3
0.0091	75158.6	74708.0	73940.5	72469.8	71457.4
0.0092	75134.6	74677.1	73896.6	72389.9	71370.1
0.0093	75124.5	74662.6	73874.9	72351.5	71340.2
0.0094	75121.9	74662.3	73877.0	72358.1	71346.7
0.0095	75126.6	74672.9	73899.5	72408.2	71400.0
0.0096	75147.0	74702.5	73945.1	72492.0	71485.7
0.0097	75181.0	74746.4	74009.0	72600.0	71616.3
0.0098	75235.6	74813.4	74099.8	72734.6	71784.9
0.0099	75304.7	74895.8	74208.8	72896.7	71992.1
0.0100	75384.5	74993.2	74340.7	73098.5	72234.3
0.0101	75476.3	75106.2	74494.7	73341.9	72511.9
0.0102	75578.6	75232.6	74667.5	73617.3	72819.8
0.0103	75692.4	75371.7	74856.0	73914.1	73156.9
0.0104	75817.6	75522.9	75058.4	74224.6	73522.0
0.0105	75951.7	75684.2	75273.5	74553.6	73910.0
0.0106	76091.8	75853.1	75499.1	74900.7	74318.9
0.0107	76235.0	76027.3	75734.5	75263.4	74743.1
0.0108	76379.2	76202.9	75972.3	75638.3	75180.1
0.0109	76525.5	76382.6	76217.0	76026.6	75628.0
0.0110	76674.7	76565.2	76465.2	76415.3	76087.8
0.0111	76824.9	76747.0	76709.7	76793.1	76543.7
0.0112	76972.4	76925.8	76950.7	77165.7	77000.8
0.0113	77118.0	77102.5	77188.4	77532.8	77455.2
0.0114	77255.8	77270.2	77414.9	77881.7	77895.9
0.0115	77386.3	77429.9	77631.9	78218.3	78320.8
0.0116	77511.1	77582.9	77840.0	78540.9	78735.0
0.0117	77630.0	77728.1	78036.6	78846.2	79122.9
0.0118	77742.8	77865.4	78222.0	79131.2	79474.0
0.0119	77845.6	77990.5	78391.7	79395.3	79799.3
0.0120	77934.7	78097.9	78536.2	79618.6	80076.6
0.0121	78009.6	78190.9	78664.4	79823.4	80328.4
0.0122	78072.6	78269.1	78770.9	79984.1	80552.3
0.0123	78117.5	78324.5	78848.0	80102.3	80723.5
0.0124	78151.1	78366.3	78906.4	80197.0	80845.1
0.0125	78176.3	78397.9	78949.5	80263.7	80937.1
0.0126	78185.6	78407.5	78961.3	80285.9	80957.3
0.0127	78174.2	78393.5	78943.9	80264.9	80966.9
0.0128	78149.0	78363.9	78904.0	80198.6	80918.2
0.0129	78102.1	78308.3	78831.7	80082.5	80825.0
0.0130	78042.6	78238.8	78742.0	79945.7	80675.8
0.0131	77975.7	78159.9	78639.7	79797.0	80480.5
0.0132	77901.9	78071.3	78522.5	79625.1	80240.1
0.0133	77819.8	77970.1	78386.5	79423.8	79937.0
0.0134	77728.7	77858.4	78234.7	79192.7	79617.6
0.0135	77621.9	77727.5	78058.1	78924.2	79280.5
0.0136	77500.7	77581.1	77862.2	78622.5	78910.7
0.0137	77368.1	77422.4	77651.9	78298.6	78520.3
0.0138	77229.5	77256.1	77431.3	77962.4	78103.7
0.0139	77089.0	77087.5	77207.5	77624.0	77678.7
0.0140	76951.2	76920.0	76982.8	77282.8	77261.1
0.0141	76812.2	76750.6	76755.1	76935.6	76826.6
0.0142	76670.2	76578.0	76524.0	76584.1	76379.2
0.0143	76527.7	76406.0	76294.0	76233.4	75940.8
0.0144	76383.7	76233.8	76066.2	75888.5	75509.4
0.0145	76246.5	76067.6	75843.3	75549.5	75081.0
0.0146	76115.3	75907.7	75627.9	75218.2	74651.1
0.0147	75994.1	75757.5	75421.6	74895.2	74235.0
0.0148	75878.2	75613.5	75223.4	74584.0	73848.7
0.0149	75767.9	75477.6	75037.7	74292.8	73483.6
0.0150	75664.1	75350.2	74863.9	74022.8	73139.5
0.0151	75565.3	75230.4	74703.0	73774.7	72828.9
0.0152	75476.9	75122.7	74557.6	73550.3	72550.6
0.0153	75400.1	75028.8	74429.5	73351.4	72297.6
0.0154	75334.4	74947.9	74319.4	73179.4	72073.9
0.0155	75281.3	74881.0	74226.2	73031.6	71887.9
0.0156	75236.5	74826.2	74152.3	72917.9	71744.4
0.0157	75201.5	74784.0	74095.9	72834.9	71633.5
0.0158	75176.2	74755.4	74060.8	72786.9	71551.6
0.0159	75167.0	74744.7	74047.3	72771.2	71503.0
0.0160	75169.8	74748.0	74052.7	72785.4	71491.8
0.0161	75187.4	74768.0	74078.0	72828.4	71520.8
0.0162	75214.3	74800.5	74121.3	72895.6	71585.0
0.0163	75247.5	74840.9	74176.9	72984.1	71680.8
0.0164	75289.4	74892.3	74246.7	73092.9	71814.4
0.0165	75337.8	74953.3	74331.2	73224.5	71984.8
0.0166	75396.4	75026.0	74431.4	73379.8	72183.8
0.0167	75465.7	75111.5	74548.0	73559.8	72412.1
0.0168	75545.7	75208.6	74678.8	73760.3	72669.9
0.0169	75633.6	75315.0	74821.2	73978.5	72952.1
0.0170	75728.3	75431.0	74978.1	74217.0	73260.9
0.0171	75828.3	75553.7	75144.8	74472.9	73598.5
0.0172	75934.2	75683.4	75320.2	74741.6	73956.3
0.0173	76046.0	75820.1	75504.7	75021.7	74321.5
0.0174	76163.0	75961.8	75694.8	75310.0	74700.9
0.0175	76284.1	76108.7	75891.5	75607.9	75088.0
0.0176	76407.1	76257.7	76091.1	75910.9	75479.0
0.0177	76529.2	76406.4	76291.4	76215.8	75874.7
0.0178	76650.0	76554.3	76491.1	76519.5	76272.6
0.0179	76768.5	76699.1	76687.2	76819.1	76668.4
0.0180	76884.8	76841.2	76879.0	77111.1	77056.1
0.0181	76997.8	76977.8	77061.5	77385.4	77431.5
0.0182	77103.2	77105.5	77232.9	77644.2	77795.1
0.0183	77202.7	77226.8	77396.3	77891.3	78143.9
0.0184	77293.7	77338.3	77547.4	78119.9	78477.5
0.0185	77376.6	77440.3	77686.2	78331.8	78793.3
0.0186	77452.5	77533.7	77813.8	78527.9	79088.3
0.0187	77521.8	77618.3	77928.4	78705.0	79344.0
0.0188	77582.9	77693.1	78029.6	78861.2	79564.1
0.0189	77634.2	77755.6	78114.8	78994.0	79737.4
0.0190	77673.3	77802.1	78175.9	79086.9	79853.0
0.0191	77694.0	77827.3	78209.6	79136.6	79936.6
0.0192	77699.0	77833.5	78217.9	79146.0	79995.5
0.0193	77690.6	77825.0	78207.5	79123.5	80024.2
0.0194	77672.9	77804.3	78181.0	79079.8	80013.7
0.0195	77649.9	77776.9	78144.3	79020.5	79954.4
0.0196	77619.8	77738.9	78093.2	78951.3	79840.8
0.0197	77583.9	77694.1	78031.9	78864.7	79675.5
0.0198	77535.9	77633.6	77948.7	78742.7	79469.0
0.0199	77469.9	77552.3	77839.0	78579.9	79228.9
0.0200	77387.3	77452.3	77705.8	78380.7	78961.1
0.0201	77291.7	77339.3	77557.4	78156.4	78671.6
0.0202	77189.0	77216.4	77395.3	77912.7	78365.8
0.0203	77083.4	77089.0	77225.8	77658.4	78038.7
0.0204	76978.2	76961.0	77054.6	77402.6	77694.2
0.0205	76873.2	76832.9	76883.0	77148.9	77334.2
0.0206	76765.4	76702.5	76710.1	76897.4	76956.7
0.0207	76654.6	76569.4	76535.0	76644.8	76571.2
0.0208	76539.7	76431.0	76352.9	76383.8	76174.5
0.0209	76421.3	76289.8	76168.0	76115.3	75765.4
0.0210	76302.7	76146.5	75977.5	75834.7	75361.5
0.0211	76181.1	76000.2	75784.0	75546.5	74971.6
0.0212	76063.2	75857.2	75592.5	75256.4	74600.1
0.0213	75945.8	75716.0	75405.4	74973.4	74245.0
0.0214	75836.2	75584.2	75230.3	74708.8	73907.0
0.0215	75735.8	75463.9	75071.2	74472.7	73587.9
0.0216	75647.6	75357.3	74930.2	74267.9	73287.7
0.0217	75573.2	75267.0	74809.7	74092.0	73006.8
0.0218	75509.6	75187.5	74700.9	73931.6	72748.5
0.0219	75450.8	75113.5	74599.4	73780.3	72507.5
0.0220	75394.9	75044.8	74505.3	73635.2	72293.3
0.0221	75340.7	74978.8	74416.5	73497.8	72118.6
0.0222	75292.8	74922.0	74340.9	73377.8	71978.3
0.0223	75255.5	74877.4	74281.6	73284.2	71871.0
0.0224	75234.6	74851.6	74245.1	73223.4	71797.8
0.0225	75228.4	74843.4	74232.9	73201.5	71753.0
0.0226	75237.1	74851.2	74240.3	73212.8	71738.4
0.0227	75254.7	74872.4	74268.1	73255.2	71762.0
0.0228	75280.7	74903.8	74309.9	73316.4	71827.5
0.0229	75310.9	74940.7	74359.2	73389.0	71935.4
0.0230	75347.7	74986.4	74421.2	73479.2	72082.6
0.0231	75394.3	75044.3	74499.6	73593.7	72258.8
0.0232	75452.4	75115.1	74594.7	73734.6	72465.7
0.0233	75521.9	75199.7	74707.9	73903.1	72697.7
0.0234	75602.0	75295.9	74835.0	74091.0	72958.4
0.0235	75687.5	75399.0	74972.3	74294.1	73247.6
0.0236	75779.6	75510.6	75120.7	74513.0	73563.5
0.0237	75875.2	75627.4	75277.8	74747.1	73905.6
0.0238	75975.2	75749.6	75442.4	74992.5	74271.7
0.0239	76080.0	75877.7	75614.6	75248.9	74658.6
0.0240	76190.1	76011.7	75794.1	75515.3	75063.3
0.0241	76304.1	76150.1	75979.4	75791.7	75481.0
0.0242	76421.9	76292.9	76170.1	76076.5	75904.8
0.0243	76540.8	76437.0	76362.8	76364.2	76328.9
0.0244	76657.3	76577.9	76550.3	76642.7	76748.8
0.0245	76768.7	76713.7	76733.1	76916.3	77158.1
0.0246	76877.1	76845.2	76908.2	77175.0	77552.6
0.0247	76978.4	76967.8	77071.6	77415.6	77928.4
0.0248	77071.9	77081.1	77222.7	77637.7	78283.0
0.0249	77158.3	77186.0	77362.5	77843.3	78610.3
0.0250	77234.5	77279.2	77488.3	78031.9	78907.5
0.0251	77302.5	77362.7	77601.2	78201.5	79169.8
0.0252	77361.1	77434.0	77697.4	78347.0	79398.5
0.0253	77409.5	77492.6	77775.6	78464.0	79591.2
0.0254	77445.4	77536.5	77834.7	78553.1	79737.0
0.0255	77467.9	77563.6	77871.3	78608.8	79833.1
0.0256	77477.1	77574.7	77886.1	78631.1	79879.5
0.0257	77473.2	77571.0	77882.4	78624.4	79873.5
0.0258	77458.8	77552.2	77855.1	78581.6	79816.4
0.0259	77429.1	77515.5	77805.5	78507.0	79708.9
0.0260	77391.0	77468.4	77740.7	78408.0	79556.1
0.0261	77342.0	77408.8	77659.9	78285.0	79360.9
0.0262	77279.3	77331.5	77556.5	78133.2	79128.8
0.0263	77208.6	77245.6	77441.6	77963.8	78863.2
0.0264	77128.9	77149.4	77313.5	77775.3	78569.5
0.0265	77039.8	77040.9	77169.4	77565.8	78252.6
0.0266	76946.5	76928.0	77019.0	77345.2	77911.0
0.0267	76847.8	76808.9	76860.9	77114.0	77546.6
0.0268	76743.6	76682.3	76693.1	76870.4	77164.4
0.0269	76634.7	76550.9	76519.3	76617.4	76770.0
0.0270	76521.8	76415.1	76340.1	76356.6	76374.2
0.0271	76406.8	76277.0	76158.4	76092.7	75974.5
0.0272	76291.7	76139.0	75977.2	75830.1	75578.9
0.0273	76179.1	76004.3	75800.5	75574.1	75192.2
0.0274	76070.5	75873.9	75629.0	75326.5	74818.9
0.0275	75966.7	75749.1	75465.2	75090.7	74462.2
0.0276	75868.7	75631.6	75310.8	74868.6	74124.4
0.0277	75775.3	75519.2	75163.6	74657.3	73807.0
0.0278	75689.0	75416.6	75029.6	74464.4	73508.2
0.0279	75609.2	75320.9	74904.2	74284.2	73229.2
0.0280	75536.0	75233.5	74789.8	74119.1	72976.7
0.0281	75471.4	75155.9	74687.5	73969.4	72752.5
0.0282	75414.0	75087.1	74597.4	73838.7	72557.4
0.0283	75366.7	75030.7	74523.7	73732.0	72393.2
0.0284	75329.1	74986.5	74466.9	73650.6	72260.7
0.0285	75301.8	74954.1	74425.0	73591.6	72163.6
0.0286	75285.7	74935.3	74400.8	73556.9	72102.9
0.0287	75280.1	74928.2	74391.3	73543.3	72077.1
0.0288	75283.4	74932.4	74397.0	73551.6	72085.3
0.0289	75296.7	74948.2	74417.4	73580.6	72128.3
0.0290	75318.0	74974.5	74452.6	73631.4	72204.7
0.0291	75349.2	75012.2	74502.8	73704.7	72315.9
0.0292	75392.3	75064.2	74571.1	73802.2	72460.4
0.0293	75444.0	75126.2	74652.6	73920.2	72634.3
0.0294	75504.9	75198.7	74747.3	74056.6	72836.4
0.0295	75573.6	75281.2	74855.4	74211.2	73067.6
0.0296	75649.2	75371.6	74973.3	74379.2	73327.5
0.0297	75728.3	75467.0	75099.5	74561.3	73614.1
0.0298	75813.4	75570.3	75236.8	74760.4	73925.1
0.0299	75905.6	75682.2	75384.8	74974.4	74259.7
0.0300	76003.8	75800.5	75541.0	75200.9	74615.7
0.0301	76108.1	75925.6	75705.4	75437.5	74988.8
0.0302	76215.9	76054.6	75874.0	75679.8	75374.2
0.0303	76324.3	76184.2	76043.9	75924.2	75769.1
0.0304	76432.2	76313.8	76214.3	76169.7	76170.0
0.0305	76538.4	76441.9	76383.5	76414.6	76565.0
0.0306	76643.4	76568.4	76550.0	76655.0	76949.2
0.0307	76745.2	76690.0	76709.3	76884.1	77322.7
0.0308	76842.3	76806.2	76861.5	77102.0	77683.7
0.0309	76933.3	76915.1	77004.2	77307.4	78023.9
0.0310	77017.2	77016.0	77137.1	77499.6	78341.5
0.0311	77091.8	77106.0	77256.2	77672.5	78633.5
0.0312	77155.9	77183.5	77358.8	77822.1	78893.1
0.0313	77209.9	77249.0	77445.8	77948.0	79114.2
0.0314	77252.2	77299.8	77512.9	78045.8	79289.6
0.0315	77282.1	77336.1	77562.0	78118.5	79418.6
0.0316	77301.4	77359.6	77592.9	78163.2	79501.3
0.0317	77304.9	77365.0	77601.9	78178.7	79539.1
0.0318	77297.2	77356.5	77592.1	78166.8	79530.7
0.0319	77276.6	77333.1	77563.1	78128.1	79476.5
0.0320	77244.2	77295.1	77515.5	78063.0	79376.5
0.0321	77201.1	77243.8	77448.7	77969.4	79228.9
0.0322	77145.1	77177.3	77362.7	77848.3	79035.0
0.0323	77077.7	77096.8	77258.1	77700.6	78796.9
0.0324	77000.4	77005.4	77139.6	77532.3	78517.5
0.0325	76913.0	76900.7	77003.3	77339.8	78202.8
0.0326	76818.0	76787.7	76856.6	77131.4	77859.0
0.0327	76718.4	76668.5	76701.1	76909.8	77492.9
0.0328	76614.6	76543.9	76537.9	76677.4	77111.3
0.0329	76507.9	76415.9	76370.2	76438.3	76719.1
0.0330	76400.1	76286.3	76200.0	76195.0	76319.3
0.0331	76290.4	76154.5	76027.0	75947.9	75913.8
0.0332	76180.5	76022.2	75853.4	75699.4	75505.5
0.0333	76071.5	75891.2	75681.0	75452.3	75098.5
0.0334	75964.4	75762.5	75512.0	75209.9	74699.2
0.0335	75861.7	75638.9	75349.3	74976.2	74314.9
0.0336	75764.2	75521.6	75195.0	74754.7	73951.6
0.0337	75673.6	75412.3	75051.0	74548.0	73613.0
0.0338	75590.8	75312.5	74919.3	74358.7	73301.3
0.0339	75516.1	75222.4	74800.8	74188.7	73018.3
0.0340	75450.3	75143.2	74696.6	74038.9	72765.5
0.0341	75393.5	75074.8	74606.6	73910.1	72544.9
0.0342	75346.4	75018.1	74531.9	73802.9	72358.4
0.0343	75308.3	74972.5	74472.2	73717.5	72207.9
0.0344	75280.5	74939.5	74429.7	73657.5	72095.2
0.0345	75264.2	74920.0	74403.9	73620.4	72021.9
0.0346	75258.2	74913.0	74395.0	73607.7	71988.7
0.0347	75264.5	74920.4	74404.0	73619.7	71997.1
0.0348	75281.4	74941.1	74431.2	73657.9	72047.6
0.0349	75308.9	74973.5	74473.4	73718.3	72139.8
0.0350	75347.4	75020.2	74535.0	73805.2	72273.4
0.0351	75396.7	75078.2	74609.7	73911.2	72447.9
0.0352	75455.5	75149.6	74703.6	74043.9	72659.5
0.0353	75524.2	75231.4	74810.0	74194.0	72903.1
0.0354	75599.8	75321.5	74926.6	74358.0	73175.4
0.0355	75680.6	75419.1	75055.8	74542.4	73475.3
0.0356	75770.9	75526.8	75195.6	74740.0	73802.2
0.0357	75863.3	75638.6	75343.5	74951.6	74153.9
0.0358	75963.8	75759.5	75501.8	75176.5	74530.4
0.0359	76068.7	75885.8	75667.7	75412.9	74932.8
0.0360	76177.3	76016.1	75839.0	75658.0	75355.7
0.0361	76289.3	76150.6	76015.1	75908.6	75789.4
0.0362	76400.3	76283.7	76189.7	76157.6	76223.2
0.0363	76508.1	76413.6	76360.7	76402.3	76649.9
0.0364	76613.1	76540.5	76528.0	76641.6	77070.1
0.0365	76713.5	76662.0	76688.6	76871.7	77476.1
0.0366	76808.4	76776.3	76839.1	77087.3	77860.1
0.0367	76897.4	76883.3	76979.5	77287.2	78218.4
0.0368	76977.0	76978.5	77104.3	77465.6	78547.1
0.0369	77047.5	77063.8	77216.6	77626.0	78838.3
0.0370	77108.5	77137.1	77312.5	77761.0	79087.6
0.0371	77155.2	77192.6	77385.6	77866.7	79291.6
0.0372	77191.7	77236.3	77441.8	77944.4	79445.1
0.0373	77213.8	77262.8	77476.1	77992.2	79548.2
0.0374	77222.1	77272.0	77487.8	78008.6	79594.0
0.0375	77217.9	77266.7	77480.4	77997.2	79582.2
0.0376	77199.5	77244.0	77449.8	77952.8	79513.9
0.0377	77165.7	77203.6	77396.8	77877.8	79390.3
0.0378	77119.2	77147.7	77323.7	77774.3	79213.5
0.0379	77059.4	77076.1	77230.4	77643.4	78987.4
0.0380	76988.7	76991.7	77120.3	77487.8	78715.6
0.0381	76906.2	76892.8	76992.0	77308.6	78403.3
0.0382	76815.2	76784.1	76850.5	77110.0	78056.3
0.0383	76716.1	76666.4	76698.2	76896.2	77679.2
0.0384	76610.7	76539.8	76533.4	76665.6	77276.2
0.0385	76499.8	76407.8	76362.2	76425.8	76852.6
0.0386	76385.8	76271.9	76186.0	76178.7	76415.9
0.0387	76269.2	76133.1	76006.3	75927.4	75972.4
0.0388	76152.4	75994.2	75826.8	75676.2	75529.0
0.0389	76037.7	75857.7	75649.8	75428.4	75092.9
0.0390	75926.1	75724.6	75477.3	75187.0	74669.6
0.0391	75819.3	75597.2	75311.9	74955.2	74264.1
0.0392	75717.7	75475.9	75154.4	74734.2	73878.6
0.0393	75622.3	75362.1	75006.7	74527.1	73518.7
0.0394	75534.9	75258.2	74872.2	74338.6	73187.7
0.0395	75457.3	75165.8	74752.5	74170.9	72889.1
0.0396	75390.9	75086.6	74649.7	74026.5	72626.5
0.0397	75336.6	75021.2	74564.0	73905.5	72403.8
0.0398	75293.2	74969.0	74495.5	73808.6	72222.6
0.0399	75260.8	74929.8	74444.3	73736.4	72085.7
0.0400	75240.0	74904.6	74410.8	73688.3	71995.5
0.0401	75229.2	74892.2	74395.0	73666.0	71951.9
0.0402	75231.1	74894.2	74397.4	73668.9	71957.5
0.0403	75244.9	74911.0	74419.3	73699.0	72013.1
0.0404	75272.5	74943.5	74460.5	73755.3	72116.5
0.0405	75311.1	74987.7	74515.1	73830.6	72263.7
0.0406	75357.7	75044.5	74590.5	73935.2	72453.2
0.0407	75415.3	75112.3	74678.0	74058.4	72676.4
0.0408	75481.7	75192.2	74781.9	74204.1	72941.9
0.0409	75557.8	75283.3	74900.3	74369.6	73236.9
0.0410	75643.7	75386.3	75034.7	74557.7	73572.1
0.0411	75737.5	75497.0	75176.7	74754.6	73916.8
0.0412	75835.7	75614.0	75328.7	74967.1	74281.5
0.0413	75939.8	75738.3	75489.3	75190.3	74662.7
0.0414	76044.9	75864.4	75654.1	75421.7	75057.1
0.0415	76153.1	75994.2	75823.3	75658.7	75458.0
0.0416	76263.6	76126.6	75995.6	75899.7	75862.7
0.0417	76375.3	76259.6	76168.1	76140.7	76265.8
0.0418	76486.6	76392.1	76339.4	76379.4	76663.0
0.0419	76594.9	76520.8	76505.7	76611.1	77047.8
0.0420	76697.0	76642.9	76664.5	76833.2	77415.3
0.0421	76791.7	76756.2	76811.8	77039.5	77759.1
0.0422	76876.7	76858.3	76945.4	77227.1	78074.6
0.0423	76952.1	76948.8	77063.7	77393.4	78355.3
0.0424	77017.1	77026.7	77164.8	77534.9	78591.6
0.0425	77069.7	77089.9	77247.7	77651.7	78782.7
0.0426	77110.6	77138.8	77311.4	77741.4	78928.4
0.0427	77137.9	77172.6	77356.1	77802.9	79021.5
0.0428	77149.2	77186.5	77375.8	77832.5	79064.7
0.0429	77147.0	77183.7	77372.1	77828.3	79057.4
0.0430	77128.4	77162.8	77345.9	77793.2	78998.3
0.0431	77095.3	77124.8	77299.5	77731.1	78891.2
0.0432	77051.0	77071.8	77230.6	77636.2	78735.7
0.0433	76991.1	77001.1	77140.5	77512.9	78532.1
0.0434	76920.9	76917.7	77033.0	77364.4	78287.1
0.0435	76839.6	76821.5	76909.5	77194.1	78008.9
0.0436	76749.7	76714.7	76771.8	77003.5	77698.2
0.0437	76651.4	76597.5	76620.4	76793.3	77352.7
0.0438	76545.0	76471.0	76457.8	76570.2	76994.0
0.0439	76436.6	76342.5	76291.8	76340.1	76621.8
0.0440	76325.7	76210.5	76121.4	76104.0	76241.0
0.0441	76214.5	76077.4	75949.1	75865.4	75856.7
0.0442	76105.0	75946.4	75778.7	75628.4	75475.8
0.0443	75996.8	75816.8	75610.3	75394.3	75097.9
0.0444	75890.8	75689.9	75445.7	75165.8	74729.4
0.0445	75788.9	75568.3	75288.1	74946.8	74375.6
0.0446	75692.4	75453.2	75139.0	74739.6	74040.4
0.0447	75602.8	75346.1	75000.1	74546.4	73726.7
0.0448	75522.2	75249.7	74874.6	74371.1	73439.7
0.0449	75451.3	75164.2	74762.7	74214.0	73180.3
0.0450	75390.5	75091.4	74668.4	74083.1	72967.4
0.0451	75343.2	75034.8	74594.4	73979.4	72801.0
0.0452	75306.3	74990.1	74535.6	73897.2	72669.0
0.0453	75279.8	74958.2	74494.2	73839.9	72578.8
0.0454	75264.8	74939.9	74470.2	73806.6	72527.7
0.0455	75260.6	74935.0	74463.8	73797.7	72515.5
0.0456	75267.9	74944.0	74475.6	73813.9	72541.6
0.0457	75285.8	74965.1	74502.7	73851.8	72605.0
0.0458	75314.0	74998.5	74545.4	73910.6	72704.4
0.0459	75352.9	75046.2	74608.8	73999.0	72843.1
0.0460	75404.3	75106.7	74686.4	74105.8	73013.7
0.0461	75464.8	75179.1	74779.5	74233.6	73217.9
0.0462	75535.1	75263.3	74889.1	74385.4	73459.8
0.0463	75615.5	75359.2	75013.0	74557.0	73735.4
0.0464	75703.3	75463.8	75148.5	74744.4	74036.5
0.0465	75798.5	75577.6	75295.7	74947.8	74361.7
0.0466	75898.1	75696.1	75448.9	75160.3	74703.2
0.0467	76001.0	75819.1	75608.3	75381.0	75055.4
0.0468	76106.1	75944.9	75771.5	75607.0	75415.0
0.0469	76212.3	76072.0	75936.5	75835.7	75777.9
0.0470	76318.2	76198.8	76101.0	76063.6	76138.7
0.0471	76422.6	76323.7	76263.2	76288.8	76495.7
0.0472	76524.2	76445.1	76420.4	76505.7	76836.5
0.0473	76619.9	76559.5	76568.9	76711.8	77161.3
0.0474	76709.7	76667.0	76708.4	76904.7	77466.1
0.0475	76790.1	76763.4	76833.8	77079.0	77743.4
0.0476	76860.0	76847.2	76942.9	77231.5	77989.1
0.0477	76920.6	76920.8	77039.2	77365.0	78199.7
0.0478	76968.9	76977.8	77113.1	77467.9	78361.3
0.0479	77004.5	77020.6	77168.4	77543.8	78477.9
0.0480	77028.2	77049.4	77205.6	77593.8	78551.3
0.0481	77038.7	77061.8	77221.0	77614.2	78577.5
0.0482	77033.5	77055.7	77214.4	77606.3	78562.9
0.0483	77018.0	77036.3	77187.8	77568.7	78503.1
0.0484	76986.5	76998.5	77139.0	77501.4	78397.7
0.0485	76942.4	76945.7	77070.2	77406.1	78247.1
0.0486	76885.9	76878.0	76982.3	77284.1	78055.2
0.0487	76816.7	76795.2	76875.3	77137.2	77827.7
0.0488	76738.2	76701.5	76754.0	76969.8	77566.5
0.0489	76651.1	76597.3	76618.8	76783.0	77274.6
0.0490	76556.2	76483.8	76472.1	76581.1	76960.1
0.0491	76456.4	76364.7	76318.1	76369.1	76630.6
0.0492	76352.8	76241.4	76159.2	76150.7	76291.7
0.0493	76247.4	76115.9	75997.4	75928.8	75948.5
0.0494	76141.8	75990.1	75835.4	75706.6	75605.9
0.0495	76037.1	75865.4	75674.7	75486.4	75266.6
0.0496	75934.4	75743.1	75517.1	75270.5	74933.8
0.0497	75834.9	75624.7	75364.9	75062.1	74612.5
0.0498	75739.6	75511.6	75219.6	74863.6	74307.0
0.0499	75649.7	75405.1	75083.3	74677.8	74022.1
0.0500	75567.4	75307.9	74959.2	74509.1	73764.3
0.0501	75494.8	75222.3	74850.1	74360.8	73537.5
0.0502	75433.3	75149.6	74757.3	74234.7	73344.9
0.0503	75383.5	75090.4	74681.3	74131.2	73186.6
0.0504	75345.9	75046.1	74624.9	74054.6	73069.8
0.0505	75319.3	75014.3	74584.1	73999.3	72987.2
0.0506	75302.8	74994.8	74559.3	73966.1	72938.9
0.0507	75296.4	74987.6	74550.4	73954.5	72923.0
0.0508	75299.5	74991.6	74556.4	73963.7	72939.4
0.0509	75313.6	75009.4	74580.6	73997.5	72990.3
0.0510	75337.8	75037.2	74615.7	74046.6	73070.1
0.0511	75372.1	75078.8	74669.7	74120.9	73184.4
0.0512	75418.5	75134.2	74740.9	74217.6	73332.4
0.0513	75473.4	75199.7	74825.8	74334.6	73512.8
0.0514	75539.7	75278.9	74927.9	74474.2	73725.0
0.0515	75613.2	75365.6	75039.3	74627.1	73961.0
0.0516	75694.3	75462.6	75164.1	74797.2	74220.6
0.0517	75781.3	75566.2	75297.7	74980.3	74499.6
0.0518	75873.4	75675.7	75438.4	75172.3	74792.9
0.0519	75968.8	75789.4	75584.7	75372.1	75097.1
0.0520	76066.5	75905.9	75734.8	75577.5	75409.8
0.0521	76165.5	76023.8	75886.6	75784.9	75724.9
0.0522	76264.9	76141.9	76038.4	75991.9	76038.9
0.0523	76363.2	76258.8	76188.3	76196.2	76348.2
0.0524	76458.2	76371.6	76333.2	76393.6	76646.9
0.0525	76547.9	76478.1	76469.5	76578.9	76927.3
0.0526	76629.9	76575.0	76593.6	76748.0	77183.9
0.0527	76702.7	76661.5	76704.4	76898.6	77412.6
0.0528	76765.1	76736.5	76801.8	77031.8	77612.5
0.0529	76817.8	76799.0	76881.8	77140.7	77776.3
0.0530	76859.5	76848.4	76945.0	77226.5	77904.3
0.0531	76891.2	76886.2	76993.2	77290.7	77996.4
0.0532	76910.4	76908.3	77021.0	77328.2	78049.8
0.0533	76917.5	76915.6	77028.9	77337.8	78062.4
0.0534	76910.5	76907.8	77019.2	77323.9	78039.7
0.0535	76890.2	76883.3	76987.3	77280.3	77974.4
0.0536	76854.7	76841.4	76934.1	77208.8	77867.7
0.0537	76808.1	76786.5	76864.2	77114.3	77725.8
0.0538	76751.0	76719.2	76778.6	76998.7	77553.1
0.0539	76684.6	76640.5	76677.8	76861.8	77347.7
0.0540	76609.8	76551.5	76563.7	76706.7	77114.9
0.0541	76528.0	76454.5	76439.4	76538.2	76862.3
0.0542	76440.4	76350.6	76306.7	76358.5	76593.9
0.0543	76348.2	76241.7	76167.8	76170.8	76314.2
0.0544	76253.3	76129.4	76024.3	75976.3	76023.0
0.0545	76157.4	76015.8	75879.4	75780.6	75731.7
0.0546	76063.8	75905.0	75737.5	75588.2	75444.7
0.0547	75972.1	75795.8	75597.6	75398.4	75162.1
0.0548	75883.2	75690.1	75461.9	75214.3	74887.4
0.0549	75797.9	75588.5	75331.4	75037.0	74622.4
0.0550	75716.0	75491.4	75207.3	74868.9	74371.9
0.0551	75639.6	75401.2	75092.3	74713.7	74141.1
0.0552	75571.2	75320.8	74990.3	74576.6	73937.9
0.0553	75513.8	75253.1	74904.1	74460.2	73765.5
0.0554	75468.3	75198.8	74834.3	74365.4	73625.1
0.0555	75434.7	75157.9	74780.7	74291.9	73515.9
0.0556	75411.1	75129.0	74742.5	74239.2	73437.5
0.0557	75396.4	75110.8	74718.6	74206.3	73389.5
0.0558	75389.6	75102.7	74708.1	74192.4	73370.5
0.0559	75390.9	75104.6	74711.0	74196.8	73378.3
0.0560	75400.8	75116.9	74727.2	74219.2	73413.0
0.0561	75419.9	75139.4	74756.2	74259.1	73474.0
0.0562	75449.0	75173.9	74800.2	74318.6	73562.8
0.0563	75486.6	75218.0	74856.1	74394.1	73678.0
0.0564	75531.7	75272.6	74927.4	74491.4	73821.8
0.0565	75585.2	75336.0	75008.7	74602.0	73986.5
0.0566	75644.4	75406.7	75100.0	74727.1	74173.3
0.0567	75711.6	75486.9	75202.9	74866.2	74379.9
0.0568	75784.6	75574.0	75314.7	75017.8	74604.5
0.0569	75862.6	75666.6	75433.8	75179.5	74843.6
0.0570	75944.7	75764.1	75558.5	75348.2	75093.6
0.0571	76028.4	75863.6	75686.1	75520.8	75348.3
0.0572	76112.2	75963.2	75813.9	75694.1	75604.0
0.0573	76195.5	76062.5	75941.5	75867.0	75858.9
0.0574	76277.2	76160.2	76067.3	76037.6	76110.0
0.0575	76356.8	76254.8	76188.6	76201.7	76351.7
0.0576	76432.6	76344.9	76303.9	76357.5	76580.4
0.0577	76503.5	76429.1	76411.7	76502.8	76793.4
0.0578	76567.6	76504.9	76508.3	76633.5	76985.9
0.0579	76623.6	76571.7	76594.2	76749.4	77156.2
0.0580	76671.1	76628.9	76668.7	76850.7	77304.0
0.0581	76709.9	76674.3	76725.5	76926.8	77416.3
0.0582	76737.0	76707.9	76769.6	76985.8	77500.9
0.0583	76754.0	76727.2	76794.1	77019.8	77550.8
0.0584	76759.4	76733.6	76802.1	77030.5	77565.9
0.0585	76752.1	76725.3	76792.1	77017.9	77547.7
0.0586	76734.0	76704.4	76766.1	76983.5	77497.4
0.0587	76705.5	76671.1	76724.1	76927.4	77415.4
0.0588	76667.7	76626.5	76667.5	76851.6	77304.4
0.0589	76621.6	76571.5	76597.0	76756.4	77165.1
0.0590	76568.0	76507.9	76515.5	76646.2	77003.3
0.0591	76507.6	76435.8	76423.1	76521.5	76820.7
0.0592	76440.6	76356.3	76321.3	76384.3	76620.6
0.0593	76368.3	76270.6	76212.0	76237.2	76406.3
0.0594	76292.7	76180.9	76097.3	76082.9	76181.7
0.0595	76215.3	76088.8	75979.3	75923.7	75949.9
0.0596	76137.1	75995.6	75859.6	75762.1	75714.4
0.0597	76059.1	75902.5	75739.9	75600.2	75478.2
0.0598	75981.7	75810.2	75621.4	75440.3	75245.0
0.0599	75905.9	75720.0	75505.9	75284.3	75017.6
0.0600	75832.9	75633.2	75394.6	75134.1	74798.9
0.0601	75763.5	75550.8	75289.1	74992.1	74592.1
0.0602	75699.9	75475.0	75191.9	74860.7	74400.2
0.0603	75642.5	75406.5	75103.9	74741.8	74226.7
0.0604	75592.4	75347.0	75027.8	74639.5	74077.8
0.0605	75550.9	75298.0	74965.4	74555.5	73956.0
0.0606	75518.2	75259.2	74915.8	74489.0	73859.8
0.0607	75494.2	75230.6	74879.3	74440.1	73789.6
0.0608	75478.6	75212.1	74855.9	74408.8	73745.0
0.0609	75471.2	75203.4	74845.1	74394.8	73726.2
0.0610	75471.4	75204.0	74846.3	74397.2	73731.4
0.0611	75478.8	75213.4	74859.2	74416.0	73760.6
0.0612	75494.3	75232.6	74884.9	74451.5	73813.6
0.0613	75517.7	75261.0	74921.8	74501.9	73888.2
0.0614	75548.6	75297.9	74969.7	74567.6	73985.7
0.0615	75588.2	75344.7	75029.1	74647.7	74103.5
0.0616	75633.8	75399.5	75099.7	74743.1	74242.1
0.0617	75685.6	75461.4	75179.4	74850.6	74398.5
0.0618	75742.4	75529.6	75267.9	74970.9	74573.8
0.0619	75805.6	75604.8	75364.1	75100.8	74762.7
0.0620	75872.4	75684.6	75467.5	75241.5	74968.2
0.0621	75944.9	75770.3	75576.1	75386.3	75176.9
0.0622	76017.2	75856.2	75686.0	75534.2	75390.6
0.0623	76091.0	75943.6	75797.5	75683.7	75606.4
0.0624	76163.8	76030.3	75908.5	75832.7	75820.7
0.0625	76234.2	76114.0	76015.5	75976.8	76028.8
0.0626	76302.3	76195.2	76119.6	76116.6	76230.0
0.0627	76367.6	76272.4	76217.6	76247.4	76417.4
0.0628	76426.5	76342.0	76306.6	76367.0	76589.5
0.0629	76481.0	76406.5	76388.1	76474.9	76742.8
0.0630	76526.2	76460.0	76456.5	76567.1	76875.3
0.0631	76564.5	76505.9	76515.2	76645.1	76986.2
0.0632	76593.9	76540.6	76559.6	76705.0	77071.9
0.0633	76615.3	76566.2	76592.1	76747.9	77132.2
0.0634	76627.6	76580.5	76610.0	76771.5	77165.4
0.0635	76630.6	76583.8	76614.0	76776.6	77171.9
0.0636	76624.5	76576.3	76603.8	76762.3	77150.3
0.0637	76608.3	76556.8	76578.7	76728.4	77101.1
0.0638	76582.6	76526.4	76539.9	76676.4	77026.1
0.0639	76548.6	76486.1	76488.6	76607.8	76927.3
0.0640	76506.8	76436.5	76425.3	76522.9	76805.5
0.0641	76458.2	76378.8	76351.7	76424.2	76663.5
0.0642	76403.7	76313.8	76268.4	76312.3	76502.6
0.0643	76343.5	76242.4	76177.4	76190.8	76329.1
0.0644	76279.9	76167.2	76081.9	76063.2	76147.0
0.0645	76213.7	76088.8	75981.9	75929.3	75954.9
0.0646	76144.4	76006.6	75877.4	75790.2	75757.6
0.0647	76075.0	75924.4	75772.7	75650.6	75558.9
0.0648	76005.8	75842.7	75669.1	75512.7	75363.0
0.0649	75938.0	75762.4	75567.1	75377.1	75170.9
0.0650	75872.4	75685.0	75469.0	75246.7	74985.9
0.0651	75810.0	75611.3	75375.5	75122.3	74809.4
0.0652	75751.5	75542.1	75287.8	75005.8	74644.3
0.0653	75698.0	75479.0	75207.6	74899.0	74492.7
0.0654	75649.9	75422.3	75136.0	74804.1	74358.5
0.0655	75608.6	75373.9	75075.2	74723.9	74245.4
0.0656	75575.6	75335.3	75026.7	74659.8	74154.8
0.0657	75551.1	75306.5	74990.2	74611.4	74086.6
0.0658	75535.2	75287.5	74965.9	74579.0	74040.8
0.0659	75527.3	75277.8	74953.3	74562.0	74016.7
0.0660	75526.4	75276.5	74951.5	74559.6	74014.1
0.0661	75532.1	75283.5	74960.7	74572.3	74032.8
0.0662	75544.5	75298.6	74980.3	74598.9	74071.7
0.0663	75563.8	75321.7	75010.1	74638.9	74129.2
0.0664	75590.6	75353.4	75050.5	74693.0	74206.2
0.0665	75624.6	75393.5	75101.2	74760.3	74301.5
0.0666	75664.9	75440.5	75160.1	74838.1	74412.0
0.0667	75709.8	75493.9	75228.3	74929.1	74540.6
0.0668	75759.9	75552.7	75302.4	75027.5	74680.4
0.0669	75813.7	75616.9	75384.5	75136.5	74834.2
0.0670	75871.6	75685.3	75471.1	75251.6	74997.1
0.0671	75932.3	75757.0	75562.0	75372.5	75168.0
0.0672	75995.6	75831.8	75656.7	75498.0	75345.0
0.0673	76059.9	75907.4	75752.4	75625.0	75524.3
0.0674	76123.5	75982.7	75848.2	75752.8	75705.3
0.0675	76186.2	76056.8	75942.1	75877.2	75880.9
0.0676	76245.4	76127.4	76032.2	75997.4	76050.6
0.0677	76301.3	76193.5	76116.4	76109.9	76210.3
0.0678	76353.2	76255.2	76195.0	76214.3	76357.4
0.0679	76399.5	76310.2	76265.2	76308.1	76489.8
0.0680	76439.7	76357.7	76325.7	76388.9	76604.3
0.0681	76473.6	76398.2	76377.6	76458.2	76702.1
0.0682	76500.6	76430.1	76417.9	76511.6	76777.4
0.0683	76518.4	76451.4	76445.3	76548.4	76829.7
0.0684	76528.4	76463.6	76461.3	76570.1	76860.2
0.0685	76530.2	76466.1	76464.9	76575.3	76867.7
0.0686	76523.6	76458.7	76456.0	76564.2	76852.7
0.0687	76509.8	76442.7	76436.4	76538.5	76816.5
0.0688	76488.8	76418.0	76405.0	76497.2	76758.6
0.0689	76460.4	76384.5	76362.8	76441.4	76680.3
0.0690	76425.6	76343.4	76310.6	76372.0	76582.5
0.0691	76383.7	76294.0	76248.2	76289.7	76467.2
0.0692	76336.3	76238.3	76178.1	76197.3	76337.9
0.0693	76284.3	76177.1	76100.9	76095.4	76195.4
0.0694	76228.4	76111.3	76017.8	75985.8	76042.3
0.0695	76170.0	76042.4	75930.7	75870.8	75881.3
0.0696	76109.7	75971.3	75841.0	75752.2	75715.5
0.0697	76048.4	75899.1	75749.7	75631.7	75547.0
0.0698	75986.8	75826.5	75658.3	75511.2	75379.0
0.0699	75926.6	75755.8	75569.1	75393.7	75214.9
0.0700	75868.9	75687.8	75483.3	75280.4	75056.1
0.0701	75814.1	75623.0	75401.5	75172.6	74906.2
0.0702	75764.7	75564.7	75327.5	75074.1	74767.9
0.0703	75719.6	75511.2	75259.3	74983.7	74641.1
0.0704	75679.5	75463.5	75198.6	74903.0	74528.1
0.0705	75645.3	75422.9	75146.9	74834.4	74431.9
0.0706	75617.3	75389.8	75105.1	74779.0	74354.5
0.0707	75596.5	75365.2	75073.8	74737.5	74296.3
0.0708	75583.3	75349.3	75053.2	74709.7	74256.9
0.0709	75577.2	75341.6	75042.6	74694.9	74235.5
0.0710	75577.9	75341.8	75042.2	74693.5	74232.8
0.0711	75585.2	75350.0	75051.6	74704.8	74247.4
0.0712	75597.8	75364.6	75070.1	74729.3	74281.7
0.0713	75617.0	75387.2	75098.2	74765.9	74332.5
0.0714	75641.7	75416.2	75134.8	74814.0	74399.4
0.0715	75672.3	75452.1	75179.7	74873.1	74481.7
0.0716	75708.8	75494.9	75233.4	74943.2	74578.5
0.0717	75749.4	75542.4	75293.2	75022.2	74689.0
0.0718	75794.1	75595.0	75359.3	75109.0	74810.0
0.0719	75841.3	75651.1	75430.8	75203.9	74942.4
0.0720	75891.7	75710.8	75506.6	75304.2	75082.5
0.0721	75943.8	75772.8	75585.5	75408.9	75228.8
0.0722	75997.9	75836.5	75666.1	75515.6	75378.0
0.0723	76052.7	75901.5	75748.5	75624.4	75529.2
0.0724	76107.0	75965.5	75829.5	75731.5	75678.7
0.0725	76159.5	76027.8	75908.7	75836.5	75825.0
0.0726	76209.6	76087.4	75984.6	75937.2	75965.5
0.0727	76256.3	76142.7	76055.0	76030.8	76096.6
0.0728	76299.6	76194.4	76121.0	76118.3	76218.6
0.0729	76339.0	76241.2	76180.5	76197.2	76328.7
0.0730	76373.6	76282.1	76232.4	76266.0	76424.6
0.0731	76402.4	76316.1	76275.5	76323.2	76504.4
0.0732	76424.7	76342.7	76309.4	76368.1	76567.3
0.0733	76439.6	76360.6	76332.4	76399.0	76610.7
0.0734	76446.8	76369.4	76344.2	76415.4	76634.3
0.0735	76447.1	76370.2	76345.9	76418.2	76638.7
0.0736	76440.7	76362.8	76336.7	76406.5	76622.9
0.0737	76427.1	76346.9	76317.1	76381.0	76587.9
0.0738	76406.8	76323.2	76287.4	76342.1	76534.2
0.0739	76379.8	76291.3	76247.0	76288.9	76460.4
0.0740	76346.1	76251.9	76198.1	76225.5	76373.5
0.0741	76308.4	76207.8	76142.3	76152.0	76271.4
0.0742	76264.7	76156.4	76078.0	76068.2	76156.3
0.0743	76218.1	76101.7	76009.2	75977.9	76031.5
0.0744	76169.0	76043.9	75936.2	75881.8	75898.4
0.0745	76117.4	75982.9	75859.4	75780.9	75759.1
0.0746	76064.3	75920.4	75780.5	75677.1	75615.6
0.0747	76010.3	75856.8	75700.6	75572.5	75471.3
0.0748	75957.1	75794.3	75622.0	75469.3	75328.7
0.0749	75905.8	75733.9	75545.8	75369.0	75190.1
0.0750	75857.0	75676.3	75472.9	75273.1	75057.5
0.0751	75811.6	75622.5	75404.7	75183.1	74932.8
0.0752	75769.7	75572.8	75341.7	75099.8	74817.6
0.0753	75731.6	75527.7	75284.6	75024.6	74713.5
0.0754	75697.9	75488.1	75234.7	74959.0	74622.9
0.0755	75669.4	75454.6	75192.7	74903.9	74547.0
0.0756	75646.8	75428.1	75159.2	74860.0	74486.7
0.0757	75630.7	75408.9	75134.9	74828.0	74442.6
0.0758	75620.6	75396.9	75119.6	74807.8	74414.6
0.0759	75616.5	75391.9	75113.2	74799.2	74402.8
0.0760	75618.1	75393.7	75115.2	74801.8	74406.5
0.0761	75624.5	75401.4	75125.2	74815.2	74425.6
0.0762	75636.1	75415.6	75143.5	74839.6	74459.4
0.0763	75653.3	75435.8	75169.2	74873.5	74506.6
0.0764	75676.1	75462.7	75202.9	74917.6	74567.3
0.0765	75703.6	75495.0	75243.5	74971.0	74640.8
0.0766	75735.0	75532.1	75290.5	75032.9	74726.3
0.0767	75770.8	75574.4	75343.9	75103.0	74823.0
0.0768	75810.2	75621.1	75403.0	75180.7	74929.9
0.0769	75852.3	75670.7	75465.9	75263.7	75044.7
0.0770	75897.5	75724.4	75533.8	75353.2	75168.1
0.0771	75946.2	75781.4	75605.2	75446.3	75295.8
0.0772	75995.6	75839.5	75678.3	75541.9	75427.1
0.0773	76045.9	75898.4	75752.0	75638.2	75559.2
0.0774	76095.4	75956.6	75825.1	75733.6	75689.8
0.0775	76143.4	76012.9	75895.5	75825.5	75815.7
0.0776	76188.9	76066.2	75962.5	75913.1	75935.7
0.0777	76231.3	76115.9	76024.6	75994.0	76046.3
0.0778	76269.4	76160.7	76080.8	76067.4	76146.6
0.0779	76303.5	76200.5	76130.4	76131.8	76234.4
0.0780	76331.9	76233.7	76172.0	76185.7	76307.5
0.0781	76354.0	76259.1	76203.2	76226.2	76362.7
0.0782	76369.1	76277.4	76226.9	76257.6	76405.9
0.0783	76379.6	76290.0	76242.7	76278.1	76433.2
0.0784	76383.0	76293.8	76247.4	76284.2	76441.6
0.0785	76380.7	76291.0	76243.9	76279.6	76435.2
0.0786	76373.1	76282.0	76232.2	76264.0	76413.1
0.0787	76358.1	76264.2	76209.9	76235.0	76373.7
0.0788	76337.5	76240.0	76179.6	76195.4	76319.7
0.0789	76311.3	76209.5	76141.6	76146.0	76252.2
0.0790	76279.1	76172.1	76095.1	76086.0	76171.0
0.0791	76243.4	76130.2	76042.9	76018.2	76078.9
0.0792	76204.0	76083.8	75984.2	75941.4	75974.4
0.0793	76160.4	76033.2	75922.0	75861.3	75865.5
0.0794	76116.0	75981.2	75856.7	75776.5	75750.2
0.0795	76069.2	75926.5	75788.7	75688.2	75630.3
0.0796	76021.2	75870.3	75718.7	75597.5	75507.5
0.0797	75973.6	75814.9	75649.6	75508.0	75385.7
0.0798	75926.8	75760.2	75581.3	75419.4	75265.5
0.0799	75881.6	75707.3	75515.4	75333.9	75149.6
0.0800	75839.2	75657.8	75453.6	75253.5	75040.2
